1	0	0	0.209	1.020	1.484
1	0	2	0.249	1.028	2.845
1	0	4	0.170	1.095	9.342
1	0	6	0.226	1.027	0.762
1	0	8	0.370	1.132	11.531
1	0	10	-0.109	1.044	1.133
1	0	12	0.284	1.039	6.062
1	0	14	0.127	1.139	13.933
1	0	16	0.357	1.082	10.958
1	0	18	0.313	1.058	11.546
1	0	20	0.244	1.070	6.965
1	0	22	0.344	1.099	7.499
1	0	24	0.273	1.055	7.655
1	0	26	0.371	1.050	3.517
1	0	28	0.271	1.124	3.675
1	0	30	0.357	1.079	1.601
1	0	32	0.187	1.055	1.085
1	0	34	0.417	1.081	0.858
1	0	36	0.220	1.060	10.509
1	0	38	0.226	1.081	1.626
1	0	40	0.410	1.101	2.290
1	0	42	0.292	1.111	2.111
1	0	44	0.234	1.130	0.488
1	0	46	-0.034	0.925	3.745
1	0	48	0.175	1.097	2.035
1	0	50	-0.007	0.988	3.457
1	0	52	0.118	1.071	1.543
1	0	54	0.173	1.097	0.620
1	0	56	-0.049	0.984	2.671
1	0	58	0.153	1.077	3.854
1	0	60	0.276	1.039	1.446
1	0	62	0.201	1.061	0.029
1	1	0	0.575	1.092	9.970
1	1	2	0.574	1.099	11.184
1	1	4	0.615	1.133	5.796
1	1	6	0.601	1.160	8.688
1	1	8	0.695	1.078	1.609
1	1	10	0.420	1.158	8.357
1	1	12	0.521	1.226	5.334
1	1	14	0.516	1.167	2.358
1	1	16	0.115	1.036	3.358
1	1	18	0.621	1.095	1.801
1	1	20	0.682	1.167	6.532
1	1	22	0.188	1.015	2.381
1	1	24	0.557	1.207	6.407
1	1	26	0.199	1.104	2.943
1	1	28	0.678	1.181	4.577
1	1	30	0.530	1.185	6.868
1	1	32	0.417	1.176	5.682
1	1	34	0.099	0.998	3.696
1	1	36	0.332	1.147	11.592
1	1	38	0.617	1.092	12.205
1	1	40	0.638	1.162	12.380
1	1	42	0.459	1.139	13.480
1	1	44	0.485	1.106	10.616
1	1	46	0.548	1.131	9.870
1	1	48	0.435	1.147	8.275
1	1	50	0.515	1.166	4.758
1	1	52	0.582	1.122	14.692
1	1	54	0.587	1.136	12.681
1	1	56	0.453	1.125	15.243
1	1	58	0.623	1.109	7.663
1	1	60	0.242	1.034	3.525
1	1	62	0.703	1.102	6.253
1	2	0	0.534	1.053	3.763
1	2	2	0.582	1.026	1.184
1	2	4	0.510	1.063	2.503
1	2	6	0.648	1.019	2.081
1	2	8	0.495	1.035	0.733
1	2	10	0.662	1.042	2.917
1	2	12	0.111	0.958	4.801
1	2	14	0.552	0.995	1.256
1	2	16	0.198	0.996	3.969
1	2	18	0.689	1.039	1.226
1	2	20	0.625	1.074	2.118
1	2	22	0.666	1.018	2.743
1	2	24	0.556	1.032	3.159
1	2	26	0.700	1.046	4.007
1	2	28	0.622	1.051	4.260
1	2	30	0.638	1.103	4.414
1	2	32	0.575	1.052	9.192
1	2	34	0.621	1.108	4.303
1	2	36	0.562	1.029	7.624
1	2	38	0.499	1.035	6.942
1	2	40	0.443	1.024	11.565
1	2	42	0.407	0.857	4.644
1	2	44	0.467	1.018	7.292
1	2	46	0.654	1.081	5.530
1	2	48	0.632	1.076	6.201
1	2	50	0.606	1.077	5.721
1	2	52	0.122	1.260	3.367
1	2	54	0.724	1.047	1.266
1	2	56	0.575	1.007	2.387
1	2	58	0.644	1.030	3.420
1	2	60	0.645	1.087	2.912
1	2	62	0.010	0.978	3.292
1	3	0	0.558	1.041	0.392
1	3	2	0.499	1.029	1.774
1	3	4	0.525	1.038	1.261
1	3	6	0.482	0.986	1.174
1	3	8	0.621	1.047	0.747
1	3	10	0.066	0.940	4.912
1	3	12	0.100	0.957	2.365
1	3	14	0.425	0.985	1.403
1	3	16	0.623	1.038	1.456
1	3	18	0.722	0.975	2.393
1	3	20	0.157	0.887	3.811
1	3	22	0.581	1.252	75.689
1	3	24	0.712	1.013	1.770
1	3	26	0.633	1.035	2.356
1	3	28	0.615	1.133	9.915
1	3	30	0.602	1.055	1.904
1	3	32	0.627	0.991	3.298
1	3	34	0.665	1.006	4.365
1	3	36	0.663	0.998	5.091
1	3	38	0.642	1.011	1.535
1	3	40	0.752	1.053	1.014
1	3	42	0.617	1.055	3.156
1	3	44	0.677	0.983	2.340
1	3	46	0.682	1.026	1.531
1	3	48	0.294	0.944	2.147
1	3	50	0.487	0.979	1.341
1	3	52	0.672	1.026	2.791
1	3	54	0.378	0.992	1.098
1	3	56	0.550	0.977	1.063
1	3	58	0.594	0.967	1.855
1	3	60	-0.030	0.927	6.020
1	3	62	0.584	0.976	0.492
2	0	0	0.449	1.087	0.990
2	0	2	0.360	1.105	4.653
2	0	4	0.505	1.073	1.423
2	0	6	0.377	1.058	0.607
2	0	8	0.352	1.036	3.663
2	0	10	0.441	1.008	2.899
2	0	12	0.575	1.015	0.912
2	0	14	0.498	1.005	2.139
2	0	16	0.598	1.051	2.282
2	0	18	0.687	1.128	3.510
2	0	20	0.551	1.109	4.337
2	0	22	0.465	1.031	5.649
2	0	24	0.643	1.059	6.831
2	0	26	0.559	1.138	7.820
2	0	28	0.511	1.080	8.882
2	0	30	0.622	1.083	4.102
2	0	32	0.452	1.107	1.207
2	0	34	0.662	1.099	1.169
2	0	36	0.551	1.087	0.768
2	0	38	0.452	1.100	0.875
2	0	40	0.673	1.092	3.094
2	0	42	0.529	1.080	1.502
2	0	44	0.995	3.267	114.166
2	0	46	0.388	1.001	4.310
2	0	48	0.588	1.170	0.842
2	0	50	0.443	0.977	2.684
2	0	52	0.552	1.140	2.002
2	0	54	0.368	1.040	0.544
2	0	56	0.324	1.045	2.348
2	0	58	0.516	1.059	1.377
2	0	60	0.630	1.066	1.608
2	0	62	0.509	1.061	0.753
2	1	0	0.441	1.019	1.556
2	1	2	0.469	1.003	1.801
2	1	4	0.478	0.985	1.423
2	1	6	0.398	1.002	2.085
2	1	8	0.465	1.012	1.002
2	1	10	0.515	0.996	1.477
2	1	12	0.490	0.965	0.726
2	1	14	0.550	0.997	1.340
2	1	16	0.281	0.921	4.219
2	1	18	0.477	0.984	0.821
2	1	20	0.631	0.960	0.965
2	1	22	0.281	0.954	6.390
2	1	24	0.488	0.975	1.729
2	1	26	0.379	0.957	2.891
2	1	28	0.453	0.976	1.785
2	1	30	0.519	0.971	1.033
2	1	32	0.426	1.004	2.268
2	1	34	0.419	0.925	4.756
2	1	36	0.500	0.974	3.148
2	1	38	0.559	0.971	2.694
2	1	40	0.536	0.987	2.782
2	1	42	0.454	1.027	1.865
2	1	44	0.667	0.994	7.300
2	1	46	0.536	0.955	0.855
2	1	48	0.375	0.981	3.406
2	1	50	0.528	1.044	0.788
2	1	52	0.495	1.006	2.716
2	1	54	0.630	0.978	3.360
2	1	56	0.335	0.955	1.994
2	1	58	0.505	1.043	1.231
2	1	60	0.329	0.948	2.483
2	1	62	0.497	1.043	0.935
2	2	0	0.563	1.126	6.232
2	2	2	0.571	1.039	7.420
2	2	4	0.482	1.087	6.268
2	2	6	0.511	1.052	4.871
2	2	8	0.602	1.033	5.529
2	2	10	0.475	1.036	5.011
2	2	12	0.285	0.984	3.851
2	2	14	0.712	1.080	4.370
2	2	16	0.420	1.000	4.530
2	2	18	0.477	1.089	6.565
2	2	20	0.452	1.067	8.653
2	2	22	0.480	1.044	14.125
2	2	24	0.540	1.065	7.937
2	2	26	0.540	1.070	8.546
2	2	28	0.584	1.105	11.502
2	2	30	0.484	1.107	3.796
2	2	32	0.583	1.082	2.597
2	2	34	0.489	1.063	7.299
2	2	36	0.455	1.082	6.758
2	2	38	0.618	1.121	5.556
2	2	40	0.436	1.027	3.359
2	2	42	0.557	0.915	3.481
2	2	44	0.643	1.058	2.361
2	2	46	0.493	1.066	2.247
2	2	48	0.518	1.015	1.442
2	2	50	0.602	1.074	2.220
2	2	52	0.373	1.119	4.943
2	2	54	0.413	1.023	2.870
2	2	56	0.729	1.064	3.550
2	2	58	0.509	1.059	3.344
2	2	60	0.542	1.044	3.533
2	2	62	0.438	1.024	3.558
2	3	0	0.521	1.046	5.731
2	3	2	0.485	1.062	0.864
2	3	4	0.588	1.044	1.265
2	3	6	0.392	1.070	5.763
2	3	8	0.503	1.019	4.976
2	3	10	0.302	1.013	2.675
2	3	12	0.235	1.030	3.780
2	3	14	0.515	1.052	10.715
2	3	16	0.564	1.017	10.148
2	3	18	0.490	1.030	11.517
2	3	20	0.299	0.964	4.118
2	3	22	0.639	0.978	5.673
2	3	24	0.496	1.012	2.324
2	3	26	0.681	1.037	7.202
2	3	28	0.624	1.222	5.161
2	3	30	0.475	1.049	12.672
2	3	32	0.707	1.047	11.797
2	3	34	0.357	1.017	8.908
2	3	36	0.513	1.077	10.157
2	3	38	0.564	1.033	11.535
2	3	40	0.369	1.047	8.658
2	3	42	0.632	1.112	11.501
2	3	44	0.539	1.061	8.492
2	3	46	0.336	1.022	6.146
2	3	48	0.306	1.038	3.467
2	3	50	0.447	1.032	7.517
2	3	52	0.451	1.039	10.728
2	3	54	0.589	1.040	12.138
2	3	56	0.422	1.122	12.556
2	3	58	0.459	1.049	5.969
2	3	60	0.395	0.943	5.994
2	3	62	0.446	1.032	1.641
3	0	0	0.433	1.074	2.017
3	0	2	0.672	0.981	3.948
3	0	4	0.486	1.000	8.638
3	0	6	0.408	1.022	0.754
3	0	8	0.584	1.089	11.674
3	0	10	0.299	0.958	3.085
3	0	12	0.488	0.998	2.700
3	0	14	0.465	1.009	11.585
3	0	16	0.700	1.037	12.475
3	0	18	0.477	1.091	11.363
3	0	20	0.504	1.016	7.876
3	0	22	0.439	1.020	7.750
3	0	24	0.463	1.024	9.296
3	0	26	0.476	1.007	3.077
3	0	28	0.560	1.040	3.293
3	0	30	0.388	1.058	3.249
3	0	32	0.463	1.003	0.892
3	0	34	0.492	0.999	1.077
3	0	36	0.462	1.031	1.550
3	0	38	0.401	1.060	1.614
3	0	40	0.430	1.000	3.333
3	0	42	0.416	0.993	1.036
3	0	44	0.476	1.326	50.669
3	0	46	0.269	0.921	4.062
3	0	48	0.447	1.036	1.147
3	0	50	0.218	1.009	2.547
3	0	52	0.382	1.027	0.818
3	0	54	0.384	0.993	1.445
3	0	56	0.186	0.952	2.859
3	0	58	0.599	1.045	0.481
3	0	60	0.518	0.997	1.755
3	0	62	0.478	1.050	1.305
3	1	0	0.465	1.037	13.319
3	1	2	0.592	1.009	8.240
3	1	4	0.612	1.025	9.037
3	1	6	0.367	1.062	8.966
3	1	8	0.483	1.046	2.016
3	1	10	0.576	1.000	9.856
3	1	12	0.521	1.041	5.374
3	1	14	0.462	1.044	2.529
3	1	16	0.401	0.938	4.237
3	1	18	0.481	1.074	3.387
3	1	20	0.422	1.081	6.280
3	1	22	0.324	0.952	4.679
3	1	24	0.415	1.028	5.692
3	1	26	0.381	0.992	3.255
3	1	28	0.427	1.022	6.568
3	1	30	0.471	0.996	7.748
3	1	32	0.498	1.033	6.399
3	1	34	0.414	0.998	3.293
3	1	36	0.573	1.025	9.897
3	1	38	0.388	1.036	11.932
3	1	40	0.612	1.006	13.038
3	1	42	0.708	1.014	15.958
3	1	44	0.589	1.025	11.297
3	1	46	0.428	1.056	10.345
3	1	48	0.545	1.082	11.638
3	1	50	0.662	1.065	6.876
3	1	52	0.491	1.119	15.135
3	1	54	0.603	0.997	15.978
3	1	56	0.411	1.000	15.647
3	1	58	0.613	1.002	6.887
3	1	60	0.428	0.998	2.897
3	1	62	0.576	1.019	6.696
3	2	0	0.630	1.047	3.347
3	2	2	0.466	1.035	2.835
3	2	4	0.579	1.086	2.013
3	2	6	0.469	1.114	1.247
3	2	8	0.534	1.073	1.150
3	2	10	0.514	1.088	2.360
3	2	12	0.368	0.973	3.865
3	2	14	0.482	1.069	2.073
3	2	16	0.241	0.983	2.764
3	2	18	0.648	1.052	1.119
3	2	20	0.476	1.111	5.022
3	2	22	0.506	1.007	2.774
3	2	24	0.507	1.048	2.698
3	2	26	0.518	0.989	6.042
3	2	28	0.599	1.028	3.534
3	2	30	0.660	1.070	5.938
3	2	32	0.538	1.045	8.896
3	2	34	0.491	1.107	4.927
3	2	36	0.501	1.117	6.330
3	2	38	0.471	1.100	7.227
3	2	40	0.632	1.071	11.243
3	2	42	0.514	0.868	3.699
3	2	44	0.434	1.061	6.390
3	2	46	0.524	1.062	6.426
3	2	48	0.534	1.084	6.406
3	2	50	0.666	1.036	4.497
3	2	52	0.385	1.130	5.365
3	2	54	0.683	0.971	1.544
3	2	56	0.449	1.039	1.801
3	2	58	0.424	1.060	3.056
3	2	60	0.532	1.090	3.463
3	2	62	0.352	1.058	3.249
3	3	0	0.664	1.074	2.176
3	3	2	0.587	1.064	2.607
3	3	4	0.492	1.119	0.715
3	3	6	0.407	1.045	0.685
3	3	8	0.560	1.025	1.713
3	3	10	0.324	1.056	2.895
3	3	12	0.369	1.042	2.275
3	3	14	0.591	1.022	1.066
3	3	16	0.476	1.023	1.026
3	3	18	0.559	1.073	2.595
3	3	20	0.377	0.943	4.379
3	3	22	0.582	0.949	0.968
3	3	24	0.496	1.106	0.754
3	3	26	0.483	1.055	1.031
3	3	28	0.407	1.204	11.183
3	3	30	0.469	1.058	1.990
3	3	32	0.521	1.092	2.553
3	3	34	0.604	1.121	4.596
3	3	36	0.513	1.045	4.342
3	3	38	0.433	1.041	1.946
3	3	40	0.419	1.031	2.130
3	3	42	0.588	1.063	1.788
3	3	44	0.554	1.039	1.558
3	3	46	0.608	1.085	1.986
3	3	48	0.406	1.018	2.773
3	3	50	0.452	1.038	0.889
3	3	52	0.533	1.047	2.567
3	3	54	0.520	1.046	2.689
3	3	56	0.478	1.035	1.617
3	3	58	0.438	1.048	0.763
3	3	60	0.323	1.047	3.812
3	3	62	0.463	1.051	1.741
4	0	0	0.459	1.090	0.542
4	0	2	0.379	1.067	1.685
4	0	4	0.443	1.088	1.039
4	0	6	0.563	1.139	1.362
4	0	8	0.429	1.078	3.361
4	0	10	0.196	0.990	4.695
4	0	12	0.654	1.150	1.203
4	0	14	0.550	1.140	2.811
4	0	16	0.534	1.144	2.449
4	0	18	0.531	1.070	2.526
4	0	20	0.506	1.133	4.120
4	0	22	0.586	1.114	6.000
4	0	24	0.494	1.113	7.452
4	0	26	0.502	1.127	10.335
4	0	28	0.410	1.180	6.380
4	0	30	0.519	1.202	3.941
4	0	32	0.537	1.163	1.536
4	0	34	0.501	1.117	1.252
4	0	36	0.521	1.072	1.954
4	0	38	0.440	1.115	2.552
4	0	40	0.566	1.053	3.349
4	0	42	0.577	1.147	0.771
4	0	44	0.367	1.664	49.679
4	0	46	0.170	1.003	4.041
4	0	48	0.390	1.128	2.246
4	0	50	0.323	0.991	3.615
4	0	52	0.481	1.115	0.702
4	0	54	0.455	1.090	0.828
4	0	56	0.350	1.044	3.274
4	0	58	0.595	1.129	0.748
4	0	60	0.338	1.056	1.630
4	0	62	0.568	1.087	1.554
4	1	0	0.547	0.998	2.111
4	1	2	0.438	1.059	1.849
4	1	4	0.536	0.990	0.534
4	1	6	0.413	1.100	1.429
4	1	8	0.506	1.011	0.739
4	1	10	0.568	1.072	2.740
4	1	12	0.531	1.007	1.432
4	1	14	0.334	1.018	0.906
4	1	16	0.225	1.025	4.663
4	1	18	0.532	1.096	1.166
4	1	20	0.572	1.057	0.855
4	1	22	0.335	0.935	2.831
4	1	24	0.417	1.022	0.435
4	1	26	0.256	0.964	2.772
4	1	28	0.585	1.091	2.452
4	1	30	0.447	1.070	1.417
4	1	32	0.377	1.019	1.468
4	1	34	0.146	0.918	3.848
4	1	36	0.559	1.075	2.841
4	1	38	0.485	1.095	3.877
4	1	40	0.435	1.022	2.165
4	1	42	0.558	1.062	1.449
4	1	44	0.411	1.077	4.220
4	1	46	0.380	1.114	1.255
4	1	48	0.541	1.025	0.871
4	1	50	0.361	1.053	2.224
4	1	52	0.478	1.039	1.404
4	1	54	0.609	1.045	2.759
4	1	56	0.606	1.009	2.744
4	1	58	0.464	1.044	0.340
4	1	60	0.246	0.954	1.887
4	1	62	0.414	1.019	0.904
4	2	0	0.544	1.068	4.569
4	2	2	0.583	1.155	3.792
4	2	4	0.395	1.103	5.724
4	2	6	0.611	1.065	6.970
4	2	8	0.487	1.066	5.561
4	2	10	0.465	1.124	4.464
4	2	12	0.381	1.007	2.279
4	2	14	0.456	1.087	3.980
4	2	16	0.325	1.115	2.317
4	2	18	0.527	1.100	4.844
4	2	20	0.550	1.090	7.444
4	2	22	0.524	1.195	7.663
4	2	24	0.467	1.144	6.362
4	2	26	0.577	1.102	6.779
4	2	28	0.507	1.079	11.387
4	2	30	0.369	1.063	2.434
4	2	32	0.519	1.065	1.977
4	2	34	0.496	1.071	2.916
4	2	36	0.676	1.087	4.303
4	2	38	0.466	1.134	5.680
4	2	40	0.376	1.126	4.074
4	2	42	0.489	0.889	4.822
4	2	44	0.526	1.056	3.059
4	2	46	0.599	1.052	2.538
4	2	48	0.596	1.113	2.427
4	2	50	0.513	1.050	2.524
4	2	52	0.253	1.241	2.157
4	2	54	0.606	0.959	0.796
4	2	56	0.502	1.107	4.084
4	2	58	0.586	1.154	2.612
4	2	60	0.650	1.060	2.073
4	2	62	0.345	1.061	2.838
4	3	0	0.699	1.027	4.712
4	3	2	0.551	1.068	1.929
4	3	4	0.585	0.987	2.010
4	3	6	0.546	1.041	5.613
4	3	8	0.454	1.161	5.008
4	3	10	0.246	1.046	2.564
4	3	12	0.329	1.005	1.976
4	3	14	0.465	1.043	7.800
4	3	16	0.548	1.018	7.450
4	3	18	0.538	1.044	10.734
4	3	20	0.239	1.020	3.837
4	3	22	0.462	1.076	0.926
4	3	24	0.361	1.070	3.829
4	3	26	0.584	1.031	7.715
4	3	28	0.549	1.108	2.551
4	3	30	0.518	1.048	8.704
4	3	32	0.606	1.127	8.377
4	3	34	0.740	1.018	9.229
4	3	36	0.452	1.074	8.186
4	3	38	0.518	1.142	9.791
4	3	40	0.559	1.085	8.228
4	3	42	0.447	1.055	11.521
4	3	44	0.406	1.032	9.672
4	3	46	0.578	1.092	4.478
4	3	48	0.417	1.045	2.351
4	3	50	0.699	1.075	4.834
4	3	52	0.510	1.123	10.944
4	3	54	0.459	1.053	14.754
4	3	56	0.452	1.062	8.641
4	3	58	0.553	1.041	7.321
4	3	60	0.246	0.998	4.985
4	3	62	0.485	1.029	1.722
5	0	0	0.409	1.151	2.276
5	0	2	0.655	1.126	4.193
5	0	4	0.408	1.086	7.927
5	0	6	0.430	1.139	0.852
5	0	8	0.587	1.124	12.228
5	0	10	0.142	1.071	1.284
5	0	12	0.534	1.096	4.407
5	0	14	0.444	1.103	13.029
5	0	16	0.579	1.137	13.988
5	0	18	0.574	1.061	11.410
5	0	20	0.453	1.102	8.574
5	0	22	0.641	1.086	6.725
5	0	24	0.483	1.205	5.452
5	0	26	0.608	1.105	4.422
5	0	28	0.499	1.075	3.296
5	0	30	0.420	1.175	1.964
5	0	32	0.657	1.076	2.247
5	0	34	0.611	1.160	1.228
5	0	36	0.505	1.084	0.800
5	0	38	0.503	1.084	1.949
5	0	40	0.428	1.072	3.153
5	0	42	0.550	1.071	1.787
5	0	44	0.423	1.392	3.661
5	0	46	0.167	0.996	2.544
5	0	48	0.413	1.150	1.028
5	0	50	0.278	0.994	1.769
5	0	52	0.504	1.040	0.810
5	0	54	0.506	1.139	0.568
5	0	56	0.209	0.992	1.110
5	0	58	0.303	1.173	0.733
5	0	60	0.530	1.126	2.190
5	0	62	0.584	1.045	0.627
5	1	0	0.660	1.128	11.767
5	1	2	0.502	1.097	11.398
5	1	4	0.640	1.155	7.375
5	1	6	0.593	1.144	10.102
5	1	8	0.409	1.211	2.750
5	1	10	0.529	1.148	8.937
5	1	12	0.443	1.158	7.543
5	1	14	0.557	1.131	1.117
5	1	16	0.109	1.066	2.904
5	1	18	0.598	1.098	2.918
5	1	20	0.545	1.213	4.982
5	1	22	0.175	1.074	2.214
5	1	24	0.547	1.212	5.743
5	1	26	0.241	1.099	3.305
5	1	28	0.499	1.168	5.523
5	1	30	0.551	1.129	7.370
5	1	32	0.366	1.170	5.851
5	1	34	0.275	0.976	3.370
5	1	36	0.627	1.143	13.313
5	1	38	0.451	1.159	14.404
5	1	40	0.667	1.147	13.580
5	1	42	0.416	1.153	15.611
5	1	44	0.515	1.136	12.617
5	1	46	0.580	1.206	10.986
5	1	48	0.372	1.221	8.835
5	1	50	0.504	1.206	4.635
5	1	52	0.399	1.162	15.548
5	1	54	0.479	1.092	13.643
5	1	56	0.521	1.129	18.297
5	1	58	0.592	1.145	5.836
5	1	60	0.146	1.077	2.242
5	1	62	0.473	1.143	6.050
5	2	0	0.517	1.066	2.756
5	2	2	0.503	1.110	2.262
5	2	4	0.711	1.039	1.496
5	2	6	0.433	1.126	1.726
5	2	8	0.553	1.104	1.924
5	2	10	0.524	1.078	1.400
5	2	12	0.175	0.991	3.315
5	2	14	0.695	1.115	1.963
5	2	16	0.222	1.061	1.776
5	2	18	0.558	1.148	3.479
5	2	20	0.676	1.080	2.029
5	2	22	0.368	1.118	2.380
5	2	24	0.700	1.111	3.502
5	2	26	0.617	1.075	5.322
5	2	28	0.560	1.141	3.098
5	2	30	0.479	1.206	4.819
5	2	32	0.490	1.122	9.706
5	2	34	0.559	1.091	5.562
5	2	36	0.472	1.069	6.217
5	2	38	0.489	1.099	6.454
5	2	40	0.518	1.100	10.485
5	2	42	0.644	0.952	4.646
5	2	44	0.541	1.065	7.726
5	2	46	0.636	1.105	6.348
5	2	48	0.592	1.114	7.039
5	2	50	0.566	1.137	4.833
5	2	52	0.156	1.222	4.316
5	2	54	0.451	1.111	1.628
5	2	56	0.601	1.036	2.811
5	2	58	0.435	1.094	5.465
5	2	60	0.544	1.104	5.745
5	2	62	0.277	1.109	3.226
5	3	0	0.304	1.151	1.806
5	3	2	0.527	1.163	0.691
5	3	4	0.537	1.129	2.212
5	3	6	0.596	1.078	1.202
5	3	8	0.589	1.120	2.174
5	3	10	0.062	1.117	4.793
5	3	12	0.119	1.038	3.125
5	3	14	0.531	1.106	1.304
5	3	16	0.594	1.166	1.003
5	3	18	0.585	1.099	2.564
5	3	20	0.101	1.005	4.693
5	3	22	0.395	1.288	11.599
5	3	24	0.473	1.088	2.334
5	3	26	0.572	1.175	2.352
5	3	28	0.565	1.322	18.989
5	3	30	0.544	1.166	1.941
5	3	32	0.447	1.157	2.947
5	3	34	0.356	1.096	5.013
5	3	36	0.502	1.117	3.228
5	3	38	0.466	1.151	3.719
5	3	40	0.483	1.114	2.156
5	3	42	0.620	1.145	1.792
5	3	44	0.416	1.103	1.984
5	3	46	0.496	1.129	3.588
5	3	48	0.167	1.098	2.265
5	3	50	0.498	1.128	1.182
5	3	52	0.519	1.121	1.886
5	3	54	0.404	1.087	1.289
5	3	56	0.488	1.127	1.789
5	3	58	0.633	1.109	0.916
5	3	60	-0.024	1.021	3.457
5	3	62	0.416	1.113	2.090
6	0	0	0.615	1.016	2.821
6	0	2	0.446	1.074	0.951
6	0	4	0.460	0.999	1.972
6	0	6	0.529	1.046	1.278
6	0	8	0.522	1.081	2.652
6	0	10	0.185	0.979	4.120
6	0	12	0.437	1.038	2.757
6	0	14	0.607	1.074	1.897
6	0	16	0.435	1.063	1.770
6	0	18	0.483	1.019	5.630
6	0	20	0.573	1.022	3.207
6	0	22	0.584	1.020	6.058
6	0	24	0.421	1.110	7.455
6	0	26	0.628	1.075	10.042
6	0	28	0.486	1.008	7.757
6	0	30	0.426	1.018	5.275
6	0	32	0.546	1.050	1.551
6	0	34	0.397	1.003	1.520
6	0	36	0.469	1.080	1.225
6	0	38	0.416	1.038	0.549
6	0	40	0.620	1.002	2.618
6	0	42	0.333	1.027	4.191
6	0	44	0.463	1.122	1.291
6	0	46	0.121	0.998	2.257
6	0	48	0.474	1.026	1.521
6	0	50	0.254	1.015	2.241
6	0	52	0.554	1.025	0.912
6	0	54	0.428	1.033	0.800
6	0	56	0.233	0.992	1.448
6	0	58	0.457	1.047	1.705
6	0	60	0.322	0.990	0.705
6	0	62	0.439	1.072	0.838
6	1	0	0.648	0.999	1.387
6	1	2	0.409	1.032	1.501
6	1	4	0.471	1.075	0.873
6	1	6	0.559	1.053	1.660
6	1	8	0.393	1.078	0.839
6	1	10	0.649	1.079	1.643
6	1	12	0.552	1.102	1.971
6	1	14	0.476	1.062	1.301
6	1	16	0.157	0.992	4.059
6	1	18	0.488	1.022	3.220
6	1	20	0.384	1.009	0.923
6	1	22	0.160	1.024	3.543
6	1	24	0.556	1.024	1.412
6	1	26	0.247	0.977	3.842
6	1	28	0.463	1.058	1.600
6	1	30	0.557	1.045	4.718
6	1	32	0.450	1.023	1.401
6	1	34	0.290	1.000	4.521
6	1	36	0.566	1.063	2.750
6	1	38	0.550	1.015	2.128
6	1	40	0.479	1.063	1.468
6	1	42	0.533	1.004	1.123
6	1	44	0.494	1.088	3.997
6	1	46	0.443	1.002	1.046
6	1	48	0.504	1.037	1.438
6	1	50	0.480	1.106	0.986
6	1	52	0.630	1.014	1.206
6	1	54	0.448	1.033	2.525
6	1	56	0.589	1.053	1.386
6	1	58	0.523	1.096	2.111
6	1	60	0.392	1.015	2.927
6	1	62	0.573	1.082	1.250
6	2	0	0.531	1.108	6.049
6	2	2	0.442	1.007	7.543
6	2	4	0.441	1.010	6.612
6	2	6	0.540	1.022	4.790
6	2	8	0.465	1.037	5.529
6	2	10	0.486	1.094	6.452
6	2	12	0.314	1.009	3.320
6	2	14	0.389	1.058	4.105
6	2	16	0.179	0.997	5.235
6	2	18	0.573	1.042	6.479
6	2	20	0.487	1.087	10.566
6	2	22	0.515	1.015	11.904
6	2	24	0.532	1.033	7.876
6	2	26	0.525	1.082	8.491
6	2	28	0.564	1.118	13.611
6	2	30	0.554	1.036	4.600
6	2	32	0.535	1.023	5.249
6	2	34	0.660	1.000	5.302
6	2	36	0.440	1.114	6.612
6	2	38	0.588	1.046	6.589
6	2	40	0.554	1.108	3.656
6	2	42	0.417	0.981	3.826
6	2	44	0.424	1.060	1.847
6	2	46	0.530	1.030	2.651
6	2	48	0.403	1.039	2.518
6	2	50	0.491	1.051	2.447
6	2	52	0.347	1.288	3.230
6	2	54	0.583	1.016	1.826
6	2	56	0.486	1.112	4.676
6	2	58	0.620	1.026	4.055
6	2	60	0.494	1.012	2.730
6	2	62	0.424	1.011	3.121
6	3	0	0.623	1.017	5.475
6	3	2	0.557	1.045	2.120
6	3	4	0.483	1.233	3.754
6	3	6	0.585	1.128	4.376
6	3	8	0.527	1.102	3.634
6	3	10	0.208	1.022	3.198
6	3	12	0.409	1.029	1.509
6	3	14	0.512	1.039	9.480
6	3	16	0.599	1.024	6.572
6	3	18	0.479	1.023	12.188
6	3	20	0.238	1.025	2.292
6	3	22	0.524	1.167	3.698
6	3	24	0.379	1.001	4.218
6	3	26	0.576	1.101	7.991
6	3	28	0.464	1.058	1.314
6	3	30	0.590	1.036	10.203
6	3	32	0.417	1.068	11.170
6	3	34	0.550	1.020	9.120
6	3	36	0.434	1.018	8.688
6	3	38	0.471	1.037	14.040
6	3	40	0.566	1.274	3.445
6	3	42	0.476	1.107	14.151
6	3	44	0.493	1.058	10.665
6	3	46	0.537	1.025	6.803
6	3	48	0.330	1.008	2.917
6	3	50	0.605	1.032	6.374
6	3	52	0.484	1.045	12.197
6	3	54	0.479	1.108	10.897
6	3	56	0.422	1.023	10.212
6	3	58	0.531	0.980	7.221
6	3	60	0.241	0.984	3.395
6	3	62	0.415	1.072	2.382
7	0	0	0.629	0.988	1.660
7	0	2	0.380	0.994	4.062
7	0	4	0.492	1.050	8.280
7	0	6	0.582	1.112	1.385
7	0	8	0.538	1.025	15.209
7	0	10	0.239	0.962	2.242
7	0	12	0.567	1.042	2.844
7	0	14	0.521	1.031	12.238
7	0	16	0.551	1.025	10.831
7	0	18	0.587	1.097	8.457
7	0	20	0.583	1.111	7.036
7	0	22	0.442	1.020	5.056
7	0	24	0.694	0.998	6.446
7	0	26	0.328	0.972	3.816
7	0	28	0.397	1.013	2.466
7	0	30	0.531	1.107	1.722
7	0	32	0.502	1.067	1.552
7	0	34	0.538	1.015	1.663
7	0	36	0.515	1.057	0.395
7	0	38	0.604	1.012	1.766
7	0	40	0.477	1.059	2.652
7	0	42	0.762	1.004	2.086
7	0	44	0.457	1.397	83.409
7	0	46	0.283	0.910	3.443
7	0	48	0.515	1.096	1.526
7	0	50	0.243	0.964	3.212
7	0	52	0.464	1.089	1.099
7	0	54	0.579	0.983	1.388
7	0	56	0.450	0.949	2.712
7	0	58	0.556	1.080	0.767
7	0	60	0.491	1.049	2.834
7	0	62	0.536	1.002	1.000
7	1	0	0.540	1.016	4.326
7	1	2	0.418	0.992	5.010
7	1	4	0.452	0.962	3.141
7	1	6	0.616	0.952	4.879
7	1	8	0.378	0.978	1.965
7	1	10	0.396	1.011	2.306
7	1	12	0.504	0.950	3.182
7	1	14	0.483	1.022	1.539
7	1	16	0.382	0.897	5.898
7	1	18	0.550	0.991	1.067
7	1	20	0.584	0.956	3.433
7	1	22	0.297	0.971	3.369
7	1	24	0.692	1.023	2.492
7	1	26	0.358	1.007	3.001
7	1	28	0.424	1.012	1.985
7	1	30	0.581	0.951	3.707
7	1	32	0.500	0.945	2.062
7	1	34	0.258	0.936	3.485
7	1	36	0.511	1.013	3.710
7	1	38	0.532	0.966	3.242
7	1	40	0.490	0.944	2.263
7	1	42	0.532	0.995	4.066
7	1	44	0.507	0.959	3.837
7	1	46	0.521	1.014	3.303
7	1	48	0.516	1.002	3.618
7	1	50	0.538	1.001	2.644
7	1	52	0.337	1.041	4.193
7	1	54	0.489	0.998	3.915
7	1	56	0.565	1.004	3.750
7	1	58	0.484	0.990	2.391
7	1	60	0.345	0.938	3.279
7	1	62	0.506	0.963	1.823
7	2	0	0.343	1.008	3.056
7	2	2	0.450	1.094	1.801
7	2	4	0.470	1.016	2.352
7	2	6	0.349	1.001	2.327
7	2	8	0.538	1.054	1.207
7	2	10	0.546	1.036	1.103
7	2	12	0.417	0.923	2.139
7	2	14	0.539	1.066	1.617
7	2	16	0.157	0.988	1.624
7	2	18	0.537	1.031	1.401
7	2	20	0.512	1.064	1.297
7	2	22	0.580	1.018	2.768
7	2	24	0.572	1.085	3.783
7	2	26	0.500	1.087	3.065
7	2	28	0.603	1.040	2.766
7	2	30	0.482	1.098	2.901
7	2	32	0.458	1.009	10.493
7	2	34	0.677	1.048	4.493
7	2	36	0.440	1.026	6.214
7	2	38	0.398	1.075	6.130
7	2	40	0.476	1.046	8.666
7	2	42	0.574	0.938	3.838
7	2	44	0.451	1.036	5.950
7	2	46	0.602	1.014	5.107
7	2	48	0.578	1.042	6.174
7	2	50	0.471	1.100	3.976
7	2	52	0.326	1.181	2.952
7	2	54	0.542	0.956	1.640
7	2	56	0.461	1.054	1.320
7	2	58	0.328	1.040	2.660
7	2	60	0.527	1.027	2.623
7	2	62	0.143	1.039	2.387
7	3	0	0.479	1.097	1.688
7	3	2	0.499	1.050	1.181
7	3	4	0.542	1.107	0.405
7	3	6	0.547	1.146	1.867
7	3	8	0.410	1.063	1.112
7	3	10	0.296	1.059	1.839
7	3	12	0.186	1.184	4.880
7	3	14	0.453	1.129	1.444
7	3	16	0.480	1.028	0.766
7	3	18	0.505	1.111	1.701
7	3	20	0.250	1.212	3.767
7	3	22	0.612	1.047	1.765
7	3	24	0.442	1.174	1.985
7	3	26	0.323	1.136	1.324
7	3	28	0.494	1.292	16.276
7	3	30	0.676	1.075	2.419
7	3	32	0.532	1.094	2.307
7	3	34	0.653	1.075	3.912
7	3	36	0.480	1.095	2.480
7	3	38	0.496	1.077	1.778
7	3	40	0.351	1.065	1.710
7	3	42	0.382	1.112	1.364
7	3	44	0.541	1.109	1.243
7	3	46	0.427	1.099	0.825
7	3	48	0.277	1.091	1.351
7	3	50	0.444	1.114	1.145
7	3	52	0.501	1.071	1.872
7	3	54	0.587	1.073	1.780
7	3	56	0.522	1.065	1.070
7	3	58	0.428	1.113	1.221
7	3	60	0.205	1.050	4.271
7	3	62	0.417	1.114	1.228
8	0	0	0.439	1.032	0.996
8	0	2	0.630	0.903	1.150
8	0	4	0.672	0.935	1.536
8	0	6	0.476	0.970	1.534
8	0	8	0.479	1.007	1.998
8	0	10	0.217	0.928	2.370
8	0	12	0.591	1.000	1.716
8	0	14	0.524	1.070	2.976
8	0	16	0.433	0.923	1.533
8	0	18	0.573	1.030	4.672
8	0	20	0.635	0.957	1.760
8	0	22	0.629	1.025	6.244
8	0	24	0.347	0.990	5.164
8	0	26	0.700	1.031	8.262
8	0	28	0.623	1.012	7.029
8	0	30	0.554	1.078	3.644
8	0	32	0.510	1.002	1.249
8	0	34	0.465	1.065	1.957
8	0	36	0.516	1.055	1.069
8	0	38	0.463	1.038	1.479
8	0	40	0.607	1.023	2.929
8	0	42	0.534	1.007	2.146
8	0	44	0.686	1.078	1.525
8	0	46	0.092	0.889	5.004
8	0	48	0.388	1.022	1.223
8	0	50	0.188	0.992	2.742
8	0	52	0.412	1.037	1.332
8	0	54	0.416	1.044	1.493
8	0	56	0.140	0.940	4.472
8	0	58	0.425	1.000	0.771
8	0	60	0.465	1.023	1.218
8	0	62	0.533	0.963	0.909
8	1	0	0.418	1.046	1.306
8	1	2	0.440	1.015	1.869
8	1	4	0.513	1.090	1.544
8	1	6	0.441	1.066	1.046
8	1	8	0.669	1.083	0.863
8	1	10	0.375	1.105	1.850
8	1	12	0.464	1.047	2.205
8	1	14	0.443	1.015	0.513
8	1	16	0.134	0.961	3.763
8	1	18	0.494	1.031	1.267
8	1	20	0.464	1.014	1.993
8	1	22	0.311	1.032	2.603
8	1	24	0.459	1.062	2.310
8	1	26	0.169	1.042	3.272
8	1	28	0.460	1.044	1.852
8	1	30	0.419	1.050	3.047
8	1	32	0.473	1.025	1.313
8	1	34	0.310	1.001	4.667
8	1	36	0.392	1.083	4.300
8	1	38	0.456	1.060	3.045
8	1	40	0.445	1.047	1.639
8	1	42	0.508	1.056	3.098
8	1	44	0.489	1.021	3.532
8	1	46	0.463	1.110	1.173
8	1	48	0.489	1.036	1.175
8	1	50	0.512	1.048	1.142
8	1	52	0.671	1.012	2.431
8	1	54	0.511	1.041	4.241
8	1	56	0.463	1.083	2.381
8	1	58	0.441	1.058	0.717
8	1	60	0.194	1.023	2.941
8	1	62	0.433	1.028	0.424
8	2	0	0.518	1.080	5.189
8	2	2	0.473	1.085	6.733
8	2	4	0.495	1.040	5.776
8	2	6	0.461	1.012	4.051
8	2	8	0.476	1.000	6.475
8	2	10	0.453	1.027	5.672
8	2	12	0.109	1.010	2.356
8	2	14	0.558	1.051	4.656
8	2	16	0.125	1.006	2.621
8	2	18	0.530	1.020	6.953
8	2	20	0.586	1.070	7.355
8	2	22	0.279	0.986	11.957
8	2	24	0.545	1.039	4.248
8	2	26	0.593	1.019	10.975
8	2	28	0.625	1.051	11.907
8	2	30	0.531	1.019	4.465
8	2	32	0.519	1.045	3.431
8	2	34	0.586	1.035	5.495
8	2	36	0.638	1.063	5.727
8	2	38	0.523	1.009	7.067
8	2	40	0.510	1.049	3.555
8	2	42	0.390	0.922	4.668
8	2	44	0.498	0.999	2.514
8	2	46	0.713	1.010	2.765
8	2	48	0.546	1.043	2.570
8	2	50	0.478	1.018	2.979
8	2	52	0.401	1.249	2.093
8	2	54	0.563	0.935	1.671
8	2	56	0.461	1.008	5.060
8	2	58	0.619	1.035	3.152
8	2	60	0.560	1.030	3.061
8	2	62	0.457	1.040	2.446
8	3	0	0.599	1.088	7.441
8	3	2	0.553	1.059	2.395
8	3	4	0.559	1.103	2.171
8	3	6	0.444	1.115	8.659
8	3	8	0.422	1.121	6.025
8	3	10	0.298	1.068	4.560
8	3	12	0.256	1.064	3.074
8	3	14	0.636	1.079	10.653
8	3	16	0.527	1.098	9.601
8	3	18	0.560	1.085	12.120
8	3	20	0.283	1.034	6.875
8	3	22	0.478	1.210	4.009
8	3	24	0.498	1.055	3.224
8	3	26	0.494	1.102	9.497
8	3	28	0.460	1.205	8.148
8	3	30	0.618	1.067	11.263
8	3	32	0.547	1.143	11.147
8	3	34	0.442	1.078	9.513
8	3	36	0.451	1.104	10.484
8	3	38	0.608	1.130	12.743
8	3	40	0.566	1.098	9.358
8	3	42	0.519	1.165	12.671
8	3	44	0.567	1.045	9.616
8	3	46	0.571	1.099	5.712
8	3	48	0.170	1.098	5.287
8	3	50	0.575	1.111	6.999
8	3	52	0.516	1.071	12.852
8	3	54	0.493	1.094	14.402
8	3	56	0.583	1.113	11.351
8	3	58	0.420	1.154	7.583
8	3	60	0.200	0.965	3.881
8	3	62	0.532	1.109	3.139
9	0	0	0.412	1.123	3.516
9	0	2	0.562	1.029	5.351
9	0	4	0.498	1.095	11.005
9	0	6	0.540	1.041	0.763
9	0	8	0.645	1.130	17.495
9	0	10	0.321	1.071	3.107
9	0	12	0.455	1.155	4.245
9	0	14	0.627	1.065	14.630
9	0	16	0.532	1.093	13.492
9	0	18	0.496	1.078	11.608
9	0	20	0.432	1.100	11.114
9	0	22	0.578	1.129	6.517
9	0	24	0.440	1.077	7.157
9	0	26	0.445	1.041	4.771
9	0	28	0.491	1.125	4.146
9	0	30	0.527	1.089	1.621
9	0	32	0.629	1.167	2.447
9	0	34	0.430	1.058	1.166
9	0	36	0.360	1.032	1.319
9	0	38	0.250	1.024	1.628
9	0	40	0.499	1.095	5.492
9	0	42	0.494	1.036	0.846
9	0	44	0.338	1.249	2.499
9	0	46	0.260	1.000	4.262
9	0	48	0.459	1.092	1.643
9	0	50	0.216	1.018	3.474
9	0	52	0.489	1.086	2.401
9	0	54	0.474	1.110	1.708
9	0	56	0.392	0.998	3.037
9	0	58	0.592	1.061	1.083
9	0	60	0.481	1.123	1.317
9	0	62	0.588	1.045	1.143
9	1	0	0.359	1.028	16.684
9	1	2	0.564	1.082	9.639
9	1	4	0.440	1.029	6.759
9	1	6	0.518	1.078	9.903
9	1	8	0.382	1.030	2.984
9	1	10	0.616	1.104	10.265
9	1	12	0.489	1.055	7.603
9	1	14	0.305	1.028	2.408
9	1	16	0.252	0.945	3.585
9	1	18	0.496	1.087	3.286
9	1	20	0.590	1.086	8.285
9	1	22	0.472	0.979	4.403
9	1	24	0.403	1.011	6.431
9	1	26	0.104	1.037	3.823
9	1	28	0.416	1.087	6.021
9	1	30	0.532	1.102	8.037
9	1	32	0.564	1.066	6.456
9	1	34	0.453	0.913	3.590
9	1	36	0.416	1.059	12.782
9	1	38	0.510	1.104	14.444
9	1	40	0.313	1.075	13.356
9	1	42	0.423	1.075	20.161
9	1	44	0.407	1.052	11.748
9	1	46	0.588	1.073	12.459
9	1	48	0.475	1.062	10.554
9	1	50	0.481	1.042	7.613
9	1	52	0.565	1.065	16.276
9	1	54	0.444	1.114	18.452
9	1	56	0.546	1.100	15.402
9	1	58	0.618	1.029	6.762
9	1	60	0.247	0.962	3.427
9	1	62	0.575	1.039	6.347
9	2	0	0.511	1.026	2.389
9	2	2	0.542	1.019	0.933
9	2	4	0.568	1.102	8.847
9	2	6	0.604	1.051	1.633
9	2	8	0.434	1.095	1.106
9	2	10	0.437	1.046	2.055
9	2	12	0.306	0.949	3.135
9	2	14	0.498	1.034	1.769
9	2	16	0.188	1.047	2.411
9	2	18	0.572	1.047	1.594
9	2	20	0.435	1.020	2.604
9	2	22	0.564	1.060	2.310
9	2	24	0.728	1.058	3.281
9	2	26	0.480	1.107	4.819
9	2	28	0.559	1.039	3.278
9	2	30	0.418	1.068	5.367
9	2	32	0.482	1.033	9.224
9	2	34	0.656	1.003	5.471
9	2	36	0.578	1.027	8.424
9	2	38	0.617	1.025	6.653
9	2	40	0.485	1.059	10.192
9	2	42	0.399	0.920	3.939
9	2	44	0.481	1.033	9.161
9	2	46	0.463	1.052	6.771
9	2	48	0.509	1.061	6.641
9	2	50	0.410	1.029	4.641
9	2	52	0.346	1.136	4.941
9	2	54	0.594	0.968	2.828
9	2	56	0.432	1.018	1.563
9	2	58	0.631	1.082	4.416
9	2	60	0.359	1.095	4.008
9	2	62	0.376	1.057	2.510
9	3	0	0.519	1.115	0.918
9	3	2	0.581	1.096	1.598
9	3	4	0.452	1.091	1.084
9	3	6	0.583	1.099	0.711
9	3	8	0.437	1.062	1.797
9	3	10	0.368	1.062	2.781
9	3	12	0.279	1.091	2.442
9	3	14	0.483	1.125	2.547
9	3	16	0.428	1.126	2.300
9	3	18	0.366	1.090	2.319
9	3	20	0.152	1.039	3.538
9	3	22	0.481	1.151	1.311
9	3	24	0.626	1.153	1.465
9	3	26	0.514	1.164	0.996
9	3	28	0.670	1.289	7.432
9	3	30	0.628	1.104	2.983
9	3	32	0.519	1.135	2.625
9	3	34	0.505	1.087	3.835
9	3	36	0.517	1.070	2.976
9	3	38	0.500	1.175	2.098
9	3	40	0.480	1.111	1.654
9	3	42	0.525	1.125	2.078
9	3	44	0.494	1.049	1.545
9	3	46	0.450	1.093	0.958
9	3	48	0.373	1.098	2.646
9	3	50	0.666	1.084	1.066
9	3	52	0.433	1.085	2.003
9	3	54	0.496	1.170	1.402
9	3	56	0.559	1.126	2.149
9	3	58	0.575	1.202	1.080
9	3	60	0.340	1.022	4.891
9	3	62	0.504	1.100	0.805
10	0	0	0.570	1.018	1.164
10	0	2	0.471	1.087	2.471
10	0	4	0.546	1.019	0.803
10	0	6	0.682	1.104	0.413
10	0	8	0.533	1.078	2.240
10	0	10	0.263	1.001	2.534
10	0	12	0.475	1.042	1.627
10	0	14	0.615	1.091	3.325
10	0	16	0.475	1.031	2.353
10	0	18	0.558	1.040	3.700
10	0	20	0.588	1.021	4.664
10	0	22	0.409	1.070	6.286
10	0	24	0.576	1.118	5.912
10	0	26	0.619	1.096	9.036
10	0	28	0.582	1.094	8.766
10	0	30	0.491	1.087	4.459
10	0	32	0.483	1.179	3.713
10	0	34	0.516	1.118	1.559
10	0	36	0.522	1.162	0.995
10	0	38	0.466	1.118	1.131
10	0	40	0.494	1.133	3.552
10	0	42	0.497	1.120	1.398
10	0	44	0.397	1.171	6.352
10	0	46	0.264	0.959	3.273
10	0	48	0.419	1.151	1.841
10	0	50	0.344	1.020	3.753
10	0	52	0.497	1.043	1.518
10	0	54	0.464	1.046	1.411
10	0	56	0.409	0.983	2.252
10	0	58	0.501	1.120	1.136
10	0	60	0.492	1.076	3.246
10	0	62	0.629	1.050	2.056
10	1	0	0.347	1.112	1.562
10	1	2	0.550	1.240	5.723
10	1	4	0.524	1.083	1.744
10	1	6	0.528	1.159	1.252
10	1	8	0.507	1.175	1.061
10	1	10	0.522	1.091	1.748
10	1	12	0.570	1.086	1.084
10	1	14	0.379	1.139	1.161
10	1	16	0.187	0.969	4.835
10	1	18	0.424	1.082	1.174
10	1	20	0.382	1.111	2.296
10	1	22	0.326	1.080	2.742
10	1	24	0.608	1.097	1.517
10	1	26	0.227	1.085	3.540
10	1	28	0.515	1.195	2.425
10	1	30	0.598	1.074	0.907
10	1	32	0.620	1.072	1.623
10	1	34	0.335	1.018	2.846
10	1	36	0.451	1.123	3.922
10	1	38	0.435	1.225	2.478
10	1	40	0.541	1.156	2.003
10	1	42	0.502	1.106	1.971
10	1	44	0.353	1.118	3.908
10	1	46	0.378	1.098	0.701
10	1	48	0.548	1.076	1.675
10	1	50	0.624	1.083	0.923
10	1	52	0.487	1.088	1.175
10	1	54	0.557	1.084	2.913
10	1	56	0.570	1.090	1.617
10	1	58	0.547	1.144	0.921
10	1	60	0.171	1.014	4.500
10	1	62	0.410	1.057	2.904
10	2	0	0.577	1.077	5.313
10	2	2	0.530	1.157	8.711
10	2	4	0.469	1.161	10.905
10	2	6	0.447	1.099	4.415
10	2	8	0.620	1.128	7.197
10	2	10	0.452	1.127	5.031
10	2	12	0.270	0.975	3.981
10	2	14	0.555	1.158	7.444
10	2	16	0.263	1.078	3.074
10	2	18	0.522	1.170	5.002
10	2	20	0.593	1.164	6.842
10	2	22	0.664	1.101	10.844
10	2	24	0.396	1.092	6.416
10	2	26	0.555	1.082	9.553
10	2	28	0.536	1.103	10.992
10	2	30	0.566	1.113	4.068
10	2	32	0.573	1.096	3.598
10	2	34	0.457	1.081	6.317
10	2	36	0.474	1.142	5.834
10	2	38	0.563	1.127	7.657
10	2	40	0.559	1.176	4.214
10	2	42	0.501	0.883	4.251
10	2	44	0.495	1.037	1.811
10	2	46	0.481	1.061	2.361
10	2	48	0.580	1.066	2.402
10	2	50	0.517	1.195	1.200
10	2	52	0.303	1.199	3.008
10	2	54	0.337	1.016	1.429
10	2	56	0.537	1.197	4.183
10	2	58	0.476	1.170	3.823
10	2	60	0.418	1.110	3.765
10	2	62	0.307	1.071	3.225
10	3	0	0.414	1.096	5.972
10	3	2	0.357	1.140	2.635
10	3	4	0.536	1.054	2.770
10	3	6	0.539	1.171	5.473
10	3	8	0.504	1.086	6.090
10	3	10	0.379	1.046	4.096
10	3	12	0.297	1.070	2.996
10	3	14	0.472	1.142	9.262
10	3	16	0.520	1.093	6.950
10	3	18	0.597	1.095	9.998
10	3	20	0.404	1.094	3.598
10	3	22	0.596	0.981	1.918
10	3	24	0.803	1.154	3.302
10	3	26	0.626	1.119	8.267
10	3	28	0.660	1.296	14.664
10	3	30	0.569	1.081	9.221
10	3	32	0.515	1.139	9.763
10	3	34	0.551	1.113	9.920
10	3	36	0.541	0.638	10.261
10	3	38	0.586	1.141	11.606
10	3	40	0.577	1.177	8.784
10	3	42	0.635	1.150	10.443
10	3	44	0.573	1.172	11.009
10	3	46	0.460	1.098	4.920
10	3	48	0.285	1.095	3.526
10	3	50	0.527	1.091	6.041
10	3	52	0.502	1.107	12.849
10	3	54	0.618	1.116	13.781
10	3	56	0.405	1.149	8.354
10	3	58	0.491	1.130	6.518
10	3	60	0.282	0.978	5.510
10	3	62	0.671	1.119	3.198
11	0	0	0.412	1.049	2.454
11	0	2	0.617	1.101	5.462
11	0	4	0.512	1.061	10.837
11	0	6	0.702	1.106	1.324
11	0	8	0.531	1.158	15.432
11	0	10	0.190	1.065	2.993
11	0	12	0.450	1.105	4.106
11	0	14	0.646	1.090	14.388
11	0	16	0.560	1.153	11.837
11	0	18	0.408	1.130	10.519
11	0	20	0.578	1.131	9.274
11	0	22	0.654	1.066	5.795
11	0	24	0.499	1.263	6.612
11	0	26	0.489	1.067	4.015
11	0	28	0.589	1.066	3.962
11	0	30	0.433	1.057	2.145
11	0	32	0.557	1.133	1.821
11	0	34	0.551	1.096	1.298
11	0	36	0.406	1.145	1.168
11	0	38	0.612	1.032	1.127
11	0	40	0.582	1.048	3.146
11	0	42	0.527	1.042	1.239
11	0	44	0.675	1.490	12.661
11	0	46	0.188	1.045	3.623
11	0	48	0.698	1.096	0.384
11	0	50	0.208	1.111	3.813
11	0	52	0.524	1.119	0.642
11	0	54	0.512	1.051	0.790
11	0	56	0.502	1.025	3.049
11	0	58	0.508	1.105	1.948
11	0	60	0.768	1.018	3.024
11	0	62	0.522	1.064	0.909
11	1	0	0.617	1.041	14.870
11	1	2	0.485	1.074	12.832
11	1	4	0.463	1.092	8.762
11	1	6	0.468	1.170	9.875
11	1	8	0.547	1.085	2.904
11	1	10	0.551	1.119	10.492
11	1	12	0.528	1.099	6.456
11	1	14	0.514	1.071	2.391
11	1	16	-0.031	1.059	2.302
11	1	18	0.467	1.080	4.194
11	1	20	0.505	1.084	6.612
11	1	22	0.351	1.067	3.448
11	1	24	0.557	1.160	7.988
11	1	26	0.313	1.104	3.138
11	1	28	0.597	1.159	4.951
11	1	30	0.393	1.141	7.927
11	1	32	0.472	1.047	7.736
11	1	34	0.007	1.037	4.101
11	1	36	0.480	1.180	10.647
11	1	38	0.500	1.134	11.885
11	1	40	0.561	1.156	9.769
11	1	42	0.691	1.102	16.129
11	1	44	0.496	1.153	9.038
11	1	46	0.435	1.136	11.274
11	1	48	0.535	1.061	11.569
11	1	50	0.409	1.156	7.535
11	1	52	0.440	1.128	17.275
11	1	54	0.373	1.119	15.469
11	1	56	0.507	1.104	17.380
11	1	58	0.488	1.054	7.564
11	1	60	0.369	1.053	3.631
11	1	62	0.511	1.060	7.737
11	2	0	0.479	1.066	2.539
11	2	2	0.347	1.044	2.095
11	2	4	0.506	1.062	2.907
11	2	6	0.507	1.110	1.187
11	2	8	0.590	1.039	1.195
11	2	10	0.531	1.035	1.649
11	2	12	0.269	0.974	4.436
11	2	14	0.449	1.027	3.314
11	2	16	0.265	1.069	2.442
11	2	18	0.478	1.135	1.930
11	2	20	0.663	1.021	1.621
11	2	22	0.547	1.038	3.408
11	2	24	0.487	1.036	3.978
11	2	26	0.493	1.058	5.254
11	2	28	0.641	1.071	2.520
11	2	30	0.521	1.091	4.112
11	2	32	0.433	1.055	8.308
11	2	34	0.436	1.066	5.832
11	2	36	0.442	1.069	5.367
11	2	38	0.419	1.076	7.230
11	2	40	0.574	1.039	8.011
11	2	42	0.453	0.941	3.387
11	2	44	0.501	1.045	8.811
11	2	46	0.479	1.084	6.139
11	2	48	0.447	1.027	8.272
11	2	50	0.568	1.080	4.530
11	2	52	0.333	1.208	2.766
11	2	54	0.537	1.016	1.764
11	2	56	0.462	1.067	2.211
11	2	58	0.446	1.070	5.529
11	2	60	0.526	1.034	3.580
11	2	62	0.141	1.100	1.843
11	3	0	0.594	1.096	1.307
11	3	2	0.487	1.028	1.892
11	3	4	0.454	1.032	1.077
11	3	6	0.470	1.021	1.138
11	3	8	0.511	1.037	0.669
11	3	10	0.430	1.074	2.236
11	3	12	0.253	1.080	2.487
11	3	14	0.680	1.020	1.717
11	3	16	0.367	1.040	1.637
11	3	18	0.399	1.108	2.311
11	3	20	0.045	1.042	3.807
11	3	22	0.546	1.441	16.588
11	3	24	0.579	1.021	1.331
11	3	26	0.469	1.092	2.127
11	3	28	0.600	1.196	2.086
11	3	30	0.461	1.080	1.737
11	3	32	0.610	1.025	1.948
11	3	34	0.479	1.093	3.692
11	3	36	0.532	1.081	3.747
11	3	38	0.345	1.029	1.920
11	3	40	0.410	1.064	1.900
11	3	42	0.524	1.039	1.745
11	3	44	0.532	1.055	1.545
11	3	46	0.431	1.038	0.319
11	3	48	0.450	1.000	3.243
11	3	50	0.387	1.019	1.641
11	3	52	0.427	1.085	2.737
11	3	54	0.598	1.053	1.111
11	3	56	0.454	1.087	3.722
11	3	58	0.367	1.041	0.968
11	3	60	0.146	1.043	2.266
11	3	62	0.454	1.005	0.918
12	0	0	0.505	0.948	2.198
12	0	2	0.557	0.955	5.227
12	0	4	0.584	1.003	1.713
12	0	6	0.436	1.048	1.337
12	0	8	0.463	0.960	1.546
12	0	10	0.245	0.896	3.732
12	0	12	0.359	1.013	1.942
12	0	14	0.539	0.976	3.345
12	0	16	0.463	1.007	4.367
12	0	18	0.422	1.031	4.548
12	0	20	0.510	1.048	3.474
12	0	22	0.452	0.974	7.353
12	0	24	0.331	1.004	8.950
12	0	26	0.511	0.993	9.843
12	0	28	0.481	1.004	7.769
12	0	30	0.475	1.012	3.991
12	0	32	0.471	1.058	1.950
12	0	34	0.450	0.951	1.599
12	0	36	0.669	0.967	1.859
12	0	38	0.460	0.969	1.021
12	0	40	0.620	1.035	3.849
12	0	42	0.487	0.963	0.627
12	0	44	0.090	1.478	140.225
12	0	46	0.302	0.879	5.670
12	0	48	0.433	1.037	0.663
12	0	50	0.157	0.920	1.384
12	0	52	0.392	0.954	1.168
12	0	54	0.382	1.019	1.342
12	0	56	0.122	0.936	4.180
12	0	58	0.719	0.973	2.092
12	0	60	0.428	0.955	0.940
12	0	62	0.459	1.034	0.520
12	1	0	0.549	1.040	2.573
12	1	2	0.374	1.013	2.170
12	1	4	0.446	1.058	1.733
12	1	6	0.567	1.038	1.835
12	1	8	0.369	1.024	2.608
12	1	10	0.431	1.076	3.766
12	1	12	0.495	1.052	1.458
12	1	14	0.567	1.074	0.556
12	1	16	0.195	0.968	5.631
12	1	18	0.481	1.111	1.642
12	1	20	0.598	1.122	1.172
12	1	22	0.088	0.998	2.814
12	1	24	0.429	1.112	1.051
12	1	26	0.307	1.087	2.476
12	1	28	0.545	1.066	2.100
12	1	30	0.438	1.044	1.659
12	1	32	0.583	1.126	1.872
12	1	34	0.285	1.014	2.909
12	1	36	0.380	1.120	4.794
12	1	38	0.665	1.062	2.089
12	1	40	0.580	1.069	3.021
12	1	42	0.503	1.061	3.059
12	1	44	0.514	1.121	4.051
12	1	46	0.534	1.093	2.443
12	1	48	0.453	1.071	2.437
12	1	50	0.573	1.049	1.510
12	1	52	0.551	1.058	1.768
12	1	54	0.474	1.006	3.016
12	1	56	0.463	1.047	2.079
12	1	58	0.599	1.054	1.431
12	1	60	0.212	0.993	5.139
12	1	62	0.567	1.028	1.310
12	2	0	0.583	1.061	6.588
12	2	2	0.535	1.161	7.821
12	2	4	0.451	1.123	10.021
12	2	6	0.417	1.088	3.970
12	2	8	0.464	1.073	6.637
12	2	10	0.482	1.090	7.354
12	2	12	0.304	0.984	4.261
12	2	14	0.641	1.124	6.183
12	2	16	0.233	1.073	2.918
12	2	18	0.600	1.140	6.646
12	2	20	0.452	1.084	8.747
12	2	22	0.530	1.073	11.494
12	2	24	0.588	1.131	8.862
12	2	26	0.531	1.071	7.608
12	2	28	0.636	1.066	13.558
12	2	30	0.500	1.118	4.269
12	2	32	0.485	1.139	2.912
12	2	34	0.495	1.050	8.287
12	2	36	0.396	1.071	5.179
12	2	38	0.613	1.048	6.961
12	2	40	0.546	1.045	5.111
12	2	42	0.497	0.942	4.022
12	2	44	0.490	1.093	2.871
12	2	46	0.428	1.063	3.064
12	2	48	0.520	1.122	1.925
12	2	50	0.582	1.043	1.599
12	2	52	0.154	1.250	2.613
12	2	54	0.628	1.000	1.058
12	2	56	0.536	1.053	3.770
12	2	58	0.406	1.068	2.835
12	2	60	0.520	1.124	3.702
12	2	62	0.277	1.132	2.857
12	3	0	0.714	1.089	8.168
12	3	2	0.572	1.043	3.011
12	3	4	0.643	1.030	3.673
12	3	6	0.548	1.046	6.718
12	3	8	0.562	1.047	6.271
12	3	10	0.187	1.053	3.497
12	3	12	0.249	0.962	3.220
12	3	14	0.447	1.051	11.637
12	3	16	0.545	1.059	11.937
12	3	18	0.592	1.045	13.365
12	3	20	0.309	1.000	2.786
12	3	22	0.590	1.083	3.254
12	3	24	0.522	1.041	4.875
12	3	26	0.541	1.030	12.423
12	3	28	0.593	1.176	3.526
12	3	30	0.721	1.019	12.010
12	3	32	0.446	1.043	12.991
12	3	34	0.425	1.021	11.252
12	3	36	0.570	1.114	10.616
12	3	38	0.498	1.153	13.160
12	3	40	0.463	1.003	10.762
12	3	42	0.318	1.067	14.387
12	3	44	0.543	1.057	11.910
12	3	46	0.504	1.072	6.134
12	3	48	0.338	1.007	4.946
12	3	50	0.500	1.056	7.267
12	3	52	0.528	1.068	13.229
12	3	54	0.448	1.083	16.295
12	3	56	0.704	1.058	11.377
12	3	58	0.618	1.084	9.325
12	3	60	0.369	1.008	6.354
12	3	62	0.582	1.006	3.458
13	0	0	0.490	1.025	1.733
13	0	2	0.508	1.012	5.639
13	0	4	0.477	1.056	9.609
13	0	6	0.352	1.062	1.621
13	0	8	0.549	0.992	16.845
13	0	10	0.128	0.962	2.689
13	0	12	0.578	1.062	4.529
13	0	14	0.366	1.016	14.893
13	0	16	0.375	1.079	12.513
13	0	18	0.564	1.043	9.231
13	0	20	0.574	1.045	10.300
13	0	22	0.374	0.995	5.356
13	0	24	0.551	1.033	8.957
13	0	26	0.421	1.002	5.332
13	0	28	0.465	1.037	3.485
13	0	30	0.496	1.051	2.365
13	0	32	0.466	1.033	0.871
13	0	34	0.496	1.018	1.999
13	0	36	0.424	1.023	1.381
13	0	38	0.412	0.998	1.346
13	0	40	0.571	0.984	3.971
13	0	42	0.426	1.021	1.456
13	0	44	0.432	1.132	0.743
13	0	46	0.090	0.946	2.641
13	0	48	0.507	1.072	0.606
13	0	50	0.220	0.962	3.707
13	0	52	0.544	0.990	1.579
13	0	54	0.542	0.984	0.522
13	0	56	0.138	0.940	3.594
13	0	58	0.590	1.043	1.454
13	0	60	0.513	1.018	1.915
13	0	62	0.409	1.036	0.856
13	1	0	0.454	1.062	9.932
13	1	2	0.505	1.064	11.066
13	1	4	0.624	1.055	8.220
13	1	6	0.576	1.061	11.602
13	1	8	0.432	1.089	3.575
13	1	10	0.531	1.058	9.575
13	1	12	0.296	1.019	6.585
13	1	14	0.578	1.036	3.630
13	1	16	0.173	0.993	3.754
13	1	18	0.532	1.044	4.137
13	1	20	0.665	1.067	8.427
13	1	22	0.284	1.058	4.348
13	1	24	0.532	1.135	6.023
13	1	26	0.259	0.996	4.106
13	1	28	0.657	1.089	6.675
13	1	30	0.575	1.085	8.842
13	1	32	0.472	1.133	5.399
13	1	34	0.253	1.008	3.896
13	1	36	0.604	1.029	12.644
13	1	38	0.447	1.147	14.181
13	1	40	0.573	1.027	11.438
13	1	42	0.511	1.075	17.180
13	1	44	0.578	1.116	12.274
13	1	46	0.533	1.040	13.160
13	1	48	0.502	1.069	10.869
13	1	50	0.633	1.053	7.191
13	1	52	0.600	1.102	17.190
13	1	54	0.526	1.122	16.263
13	1	56	0.498	1.022	18.200
13	1	58	0.515	1.094	8.231
13	1	60	0.305	0.970	3.643
13	1	62	0.497	1.049	9.392
13	2	0	0.590	1.034	3.509
13	2	2	0.531	1.001	1.589
13	2	4	0.421	1.068	2.770
13	2	6	0.489	1.082	2.008
13	2	8	0.677	1.086	1.426
13	2	10	0.528	1.036	2.355
13	2	12	0.152	0.968	2.647
13	2	14	0.333	1.086	1.186
13	2	16	0.121	1.047	2.636
13	2	18	0.465	0.999	1.351
13	2	20	0.730	1.050	3.117
13	2	22	0.320	1.060	2.023
13	2	24	0.509	1.079	3.700
13	2	26	0.613	1.016	5.065
13	2	28	0.611	1.070	3.900
13	2	30	0.739	1.019	5.574
13	2	32	0.403	1.072	8.707
13	2	34	0.523	1.025	5.387
13	2	36	0.615	1.085	6.332
13	2	38	0.519	1.022	7.218
13	2	40	0.356	1.005	7.853
13	2	42	0.557	0.872	3.845
13	2	44	0.467	0.994	7.684
13	2	46	0.440	1.011	6.696
13	2	48	0.603	1.070	7.328
13	2	50	0.469	1.015	4.388
13	2	52	0.136	1.166	4.645
13	2	54	0.617	1.045	3.370
13	2	56	0.512	1.039	2.891
13	2	58	0.561	1.020	3.495
13	2	60	0.612	1.049	3.443
13	2	62	0.311	0.996	3.004
13	3	0	0.668	1.100	3.627
13	3	2	0.490	1.077	0.848
13	3	4	0.529	1.030	1.003
13	3	6	0.492	1.042	1.819
13	3	8	0.628	1.100	0.701
13	3	10	0.204	1.192	1.838
13	3	12	0.215	1.080	2.618
13	3	14	0.510	1.061	3.074
13	3	16	0.605	1.167	1.752
13	3	18	0.619	1.048	2.449
13	3	20	0.083	1.163	2.734
13	3	22	0.582	1.198	2.044
13	3	24	0.462	1.050	2.258
13	3	26	0.439	1.035	1.811
13	3	28	0.588	1.338	13.298
13	3	30	0.533	1.082	3.113
13	3	32	0.655	1.103	1.962
13	3	34	0.476	1.109	4.756
13	3	36	0.595	1.157	3.145
13	3	38	0.494	1.100	5.160
13	3	40	0.520	1.112	2.482
13	3	42	0.648	1.112	1.840
13	3	44	0.557	1.097	1.145
13	3	46	0.548	1.098	0.773
13	3	48	0.198	1.065	2.879
13	3	50	0.517	1.095	0.882
13	3	52	0.525	1.152	2.021
13	3	54	0.577	1.162	1.502
13	3	56	0.428	1.112	1.883
13	3	58	0.460	1.028	2.350
13	3	60	0.146	1.031	3.113
13	3	62	0.466	1.067	2.854
14	0	0	0.544	1.027	1.685
14	0	2	0.322	1.010	3.088
14	0	4	0.500	1.026	2.771
14	0	6	0.526	1.075	0.854
14	0	8	0.529	1.063	2.419
14	0	10	0.168	0.955	3.933
14	0	12	0.444	1.098	1.575
14	0	14	0.473	1.098	2.892
14	0	16	0.470	1.049	2.434
14	0	18	0.586	1.083	4.330
14	0	20	0.403	1.056	4.076
14	0	22	0.525	1.058	5.681
14	0	24	0.504	1.071	10.585
14	0	26	0.617	1.028	8.575
14	0	28	0.463	1.106	8.624
14	0	30	0.557	1.093	5.545
14	0	32	0.533	1.174	3.080
14	0	34	0.440	1.046	2.779
14	0	36	0.518	1.088	1.408
14	0	38	0.428	1.082	1.971
14	0	40	0.590	1.111	4.386
14	0	42	0.469	1.058	1.147
14	0	44	0.654	1.750	28.029
14	0	46	0.334	0.946	2.968
14	0	48	0.462	1.168	1.563
14	0	50	0.451	1.040	2.972
14	0	52	0.498	1.102	1.835
14	0	54	0.476	1.064	1.324
14	0	56	0.136	1.052	4.487
14	0	58	0.531	1.104	1.244
14	0	60	0.395	1.119	1.966
14	0	62	0.338	1.039	0.798
14	1	0	0.514	1.064	1.403
14	1	2	0.437	1.048	3.042
14	1	4	0.505	1.042	2.165
14	1	6	0.523	1.089	1.294
14	1	8	0.492	1.046	1.013
14	1	10	0.591	1.051	1.796
14	1	12	0.457	1.091	1.521
14	1	14	0.436	1.070	3.936
14	1	16	0.232	0.979	3.811
14	1	18	0.449	1.070	0.633
14	1	20	0.461	1.089	0.917
14	1	22	0.182	1.056	3.657
14	1	24	0.605	1.050	1.406
14	1	26	0.303	1.072	5.078
14	1	28	0.529	1.068	2.945
14	1	30	0.550	1.117	2.708
14	1	32	0.494	1.153	1.662
14	1	34	0.300	0.988	4.438
14	1	36	0.470	1.171	3.909
14	1	38	0.536	1.145	2.594
14	1	40	0.588	1.114	2.304
14	1	42	0.520	1.061	1.995
14	1	44	0.497	1.047	3.561
14	1	46	0.392	1.054	1.655
14	1	48	0.356	1.091	1.131
14	1	50	0.558	1.067	2.663
14	1	52	0.562	1.102	4.297
14	1	54	0.515	1.080	2.851
14	1	56	0.430	1.113	2.507
14	1	58	0.561	1.061	1.040
14	1	60	0.112	1.018	4.211
14	1	62	0.428	1.115	3.102
14	2	0	0.463	1.131	5.369
14	2	2	0.445	1.222	6.288
14	2	4	0.460	1.141	7.207
14	2	6	0.566	1.162	4.318
14	2	8	0.472	1.126	6.978
14	2	10	0.580	1.119	6.315
14	2	12	0.270	1.013	2.290
14	2	14	0.599	1.169	4.531
14	2	16	0.277	1.052	3.317
14	2	18	0.516	1.142	7.846
14	2	20	0.494	1.107	7.136
14	2	22	0.549	1.160	10.044
14	2	24	0.505	1.150	6.262
14	2	26	0.365	1.089	6.768
14	2	28	0.673	1.151	10.037
14	2	30	0.453	1.188	3.117
14	2	32	0.680	1.156	1.806
14	2	34	0.419	1.185	5.421
14	2	36	0.498	1.077	8.020
14	2	38	0.448	1.118	5.104
14	2	40	0.438	1.095	5.656
14	2	42	0.716	0.931	3.840
14	2	44	0.600	1.103	2.683
14	2	46	0.680	1.133	2.241
14	2	48	0.433	1.184	2.442
14	2	50	0.553	1.121	1.121
14	2	52	0.272	1.338	1.301
14	2	54	0.597	1.021	1.895
14	2	56	0.440	1.118	5.238
14	2	58	0.392	1.086	3.398
14	2	60	0.544	1.133	3.506
14	2	62	0.429	1.094	2.972
14	3	0	0.493	1.084	8.731
14	3	2	0.582	1.013	2.339
14	3	4	0.628	1.041	4.124
14	3	6	0.633	1.058	6.887
14	3	8	0.500	1.048	7.332
14	3	10	0.258	0.997	3.642
14	3	12	0.365	1.015	2.148
14	3	14	0.583	1.042	11.127
14	3	16	0.589	1.006	11.047
14	3	18	0.515	1.057	14.014
14	3	20	0.280	1.066	4.573
14	3	22	0.489	1.116	1.321
14	3	24	0.484	1.092	4.886
14	3	26	0.564	1.070	10.113
14	3	28	0.347	1.328	11.632
14	3	30	0.578	1.086	10.370
14	3	32	0.643	1.052	13.924
14	3	34	0.660	1.049	10.256
14	3	36	0.649	1.073	9.759
14	3	38	0.513	1.032	14.466
14	3	40	0.675	1.043	10.261
14	3	42	0.655	1.090	17.991
14	3	44	0.559	1.098	11.181
14	3	46	0.414	1.043	6.559
14	3	48	0.286	0.990	3.785
14	3	50	0.594	1.115	7.540
14	3	52	0.600	1.055	14.693
14	3	54	0.330	1.063	19.014
14	3	56	0.528	1.075	11.997
14	3	58	0.686	1.033	8.113
14	3	60	0.185	0.963	4.278
14	3	62	0.636	1.007	3.624
15	0	0	0.558	1.065	2.027
15	0	2	0.646	1.133	4.428
15	0	4	0.563	1.029	12.148
15	0	6	0.369	1.012	3.258
15	0	8	0.433	1.106	13.765
15	0	10	0.172	1.074	3.643
15	0	12	0.555	1.070	4.496
15	0	14	0.670	1.093	15.181
15	0	16	0.542	1.139	13.655
15	0	18	0.592	1.023	11.277
15	0	20	0.614	1.121	8.491
15	0	22	0.400	1.094	5.906
15	0	24	0.485	1.094	7.218
15	0	26	0.547	1.119	3.395
15	0	28	0.605	1.037	4.120
15	0	30	0.611	1.111	1.704
15	0	32	0.441	1.076	1.340
15	0	34	0.385	1.044	2.097
15	0	36	0.288	1.014	0.742
15	0	38	0.459	1.093	1.893
15	0	40	0.519	1.117	3.258
15	0	42	0.567	1.079	1.003
15	0	44	0.608	1.423	14.418
15	0	46	0.089	0.992	2.568
15	0	48	0.559	1.126	1.994
15	0	50	0.240	1.079	2.030
15	0	52	0.636	1.049	0.806
15	0	54	0.551	1.044	1.540
15	0	56	0.217	1.002	4.290
15	0	58	0.469	1.082	1.200
15	0	60	0.605	1.122	2.506
15	0	62	0.449	1.067	1.850
15	1	0	0.432	1.082	10.693
15	1	2	0.579	1.125	11.087
15	1	4	0.579	1.093	9.941
15	1	6	0.380	1.161	11.807
15	1	8	0.523	1.031	4.935
15	1	10	0.557	1.060	8.772
15	1	12	0.425	1.039	6.675
15	1	14	0.539	1.076	3.787
15	1	16	0.390	0.976	3.840
15	1	18	0.570	1.132	3.429
15	1	20	0.571	1.104	6.405
15	1	22	0.363	1.062	3.757
15	1	24	0.563	1.080	6.862
15	1	26	0.102	1.082	3.226
15	1	28	0.515	1.062	6.634
15	1	30	0.506	1.075	7.611
15	1	32	0.396	1.051	5.308
15	1	34	0.134	1.029	3.388
15	1	36	0.366	1.081	11.683
15	1	38	0.369	1.101	13.501
15	1	40	0.419	1.105	12.784
15	1	42	0.615	1.086	17.081
15	1	44	0.460	1.101	12.163
15	1	46	0.495	1.024	12.723
15	1	48	0.564	1.165	12.336
15	1	50	0.585	1.085	7.532
15	1	52	0.624	1.097	18.256
15	1	54	0.654	1.074	16.947
15	1	56	0.595	1.151	17.045
15	1	58	0.383	1.143	7.691
15	1	60	0.385	0.993	4.608
15	1	62	0.578	1.107	7.627
15	2	0	0.348	0.976	2.747
15	2	2	0.406	0.954	1.773
15	2	4	0.510	1.029	1.875
15	2	6	0.591	0.970	1.789
15	2	8	0.572	0.973	2.288
15	2	10	0.432	1.075	1.608
15	2	12	0.099	1.003	3.417
15	2	14	0.414	1.008	1.574
15	2	16	0.119	0.960	2.635
15	2	18	0.557	0.965	2.234
15	2	20	0.396	1.080	1.619
15	2	22	0.541	1.043	3.157
15	2	24	0.658	0.978	2.939
15	2	26	0.489	1.007	3.902
15	2	28	0.436	1.021	3.358
15	2	30	0.416	0.999	5.395
15	2	32	0.598	1.028	9.707
15	2	34	0.601	1.049	7.958
15	2	36	0.401	1.002	5.727
15	2	38	0.394	1.013	6.263
15	2	40	0.440	0.996	9.155
15	2	42	0.428	0.878	4.544
15	2	44	0.347	1.024	8.305
15	2	46	0.483	1.051	6.699
15	2	48	0.422	1.087	7.351
15	2	50	0.597	1.053	6.343
15	2	52	0.154	1.222	5.215
15	2	54	0.433	0.993	2.474
15	2	56	0.532	1.022	2.669
15	2	58	0.475	1.065	5.715
15	2	60	0.672	1.084	3.224
15	2	62	0.247	1.012	3.595
15	3	0	0.506	1.081	0.468
15	3	2	0.449	0.998	1.058
15	3	4	0.452	1.009	2.011
15	3	6	0.511	1.012	1.340
15	3	8	0.423	1.049	0.573
15	3	10	0.330	1.006	1.637
15	3	12	0.152	0.970	2.271
15	3	14	0.553	1.078	1.676
15	3	16	0.718	1.077	1.434
15	3	18	0.470	1.000	1.264
15	3	20	0.233	0.988	3.558
15	3	22	0.493	1.208	2.698
15	3	24	0.571	1.071	0.388
15	3	26	0.593	1.007	1.615
15	3	28	0.547	1.144	3.136
15	3	30	0.375	1.078	2.033
15	3	32	0.569	1.056	2.135
15	3	34	0.579	1.015	4.093
15	3	36	0.494	1.065	4.041
15	3	38	0.393	1.034	4.155
15	3	40	0.597	1.091	1.582
15	3	42	0.571	1.039	1.828
15	3	44	0.385	1.033	2.658
15	3	46	0.517	1.057	2.509
15	3	48	0.145	1.085	1.658
15	3	50	0.545	1.084	1.398
15	3	52	0.422	1.031	2.735
15	3	54	0.676	1.043	1.436
15	3	56	0.536	1.017	2.218
15	3	58	0.395	1.068	1.393
15	3	60	0.316	0.981	4.407
15	3	62	0.576	1.060	0.404
16	0	0	0.455	1.014	2.243
16	0	2	0.497	1.040	1.898
16	0	4	0.611	1.032	1.772
16	0	6	0.597	1.105	0.699
16	0	8	0.508	1.047	2.631
16	0	10	0.203	0.976	3.043
16	0	12	0.429	1.024	2.183
16	0	14	0.505	1.038	2.627
16	0	16	0.413	1.014	1.970
16	0	18	0.616	1.066	4.033
16	0	20	0.415	1.116	4.571
16	0	22	0.564	1.050	5.699
16	0	24	0.416	1.051	9.066
16	0	26	0.565	1.072	10.408
16	0	28	0.535	1.139	8.508
16	0	30	0.565	1.110	4.546
16	0	32	0.424	1.077	1.910
16	0	34	0.550	1.090	1.648
16	0	36	0.451	1.096	1.645
16	0	38	0.397	1.123	1.217
16	0	40	0.456	1.030	2.040
16	0	42	0.499	1.095	0.781
16	0	44	0.567	1.486	8.765
16	0	46	0.348	0.957	3.523
16	0	48	0.494	1.101	2.391
16	0	50	0.167	0.995	2.194
16	0	52	0.478	1.124	1.675
16	0	54	0.686	1.049	0.775
16	0	56	0.244	1.014	2.531
16	0	58	0.365	1.037	1.464
16	0	60	0.458	1.023	0.719
16	0	62	0.346	1.017	0.621
16	1	0	0.617	0.999	2.742
16	1	2	0.327	1.004	1.978
16	1	4	0.360	1.117	0.727
16	1	6	0.543	1.047	0.683
16	1	8	0.361	1.000	1.183
16	1	10	0.385	1.048	2.601
16	1	12	0.514	1.050	1.416
16	1	14	0.490	1.078	0.869
16	1	16	0.244	0.960	4.989
16	1	18	0.465	1.015	1.205
16	1	20	0.540	1.031	1.463
16	1	22	0.354	0.977	2.151
16	1	24	0.436	1.063	0.446
16	1	26	0.305	1.030	1.001
16	1	28	0.455	1.043	3.078
16	1	30	0.486	1.054	2.153
16	1	32	0.480	1.093	1.394
16	1	34	0.290	0.985	3.360
16	1	36	0.440	1.059	4.255
16	1	38	0.486	1.104	2.349
16	1	40	0.512	1.056	2.174
16	1	42	0.600	1.130	1.619
16	1	44	0.350	1.058	4.145
16	1	46	0.430	1.123	0.365
16	1	48	0.675	1.085	1.500
16	1	50	0.514	1.075	1.602
16	1	52	0.457	1.091	1.616
16	1	54	0.492	1.026	2.534
16	1	56	0.533	1.044	1.773
16	1	58	0.449	1.064	1.779
16	1	60	0.427	0.961	2.036
16	1	62	0.355	1.060	0.670
16	2	0	0.525	0.978	6.452
16	2	2	0.425	1.009	6.522
16	2	4	0.548	1.045	7.841
16	2	6	0.560	0.963	3.651
16	2	8	0.415	1.070	6.946
16	2	10	0.611	1.025	5.671
16	2	12	0.313	0.970	4.216
16	2	14	0.546	1.050	4.972
16	2	16	0.374	0.975	4.732
16	2	18	0.405	1.004	7.591
16	2	20	0.605	1.018	8.025
16	2	22	0.493	1.008	10.849
16	2	24	0.552	1.050	6.134
16	2	26	0.538	0.997	9.530
16	2	28	0.605	1.042	12.017
16	2	30	0.673	1.023	5.043
16	2	32	0.453	0.966	4.394
16	2	34	0.454	0.971	7.703
16	2	36	0.540	1.031	7.088
16	2	38	0.458	1.043	1.363
16	2	40	0.511	0.957	5.208
16	2	42	0.590	0.889	3.848
16	2	44	0.470	0.940	2.468
16	2	46	0.517	1.021	2.560
16	2	48	0.557	0.981	2.235
16	2	50	0.614	1.045	0.850
16	2	52	0.350	1.004	3.869
16	2	54	0.610	0.973	2.006
16	2	56	0.581	1.003	4.614
16	2	58	0.639	0.992	4.816
16	2	60	0.448	1.007	3.764
16	2	62	0.390	0.980	3.654
16	3	0	0.640	1.040	9.079
16	3	2	0.412	0.980	6.543
16	3	4	0.442	0.978	3.156
16	3	6	0.428	0.990	7.927
16	3	8	0.492	1.024	5.924
16	3	10	0.265	0.958	4.342
16	3	12	0.316	0.998	2.355
16	3	14	0.382	0.985	9.405
16	3	16	0.678	1.033	13.330
16	3	18	0.580	0.978	14.247
16	3	20	0.375	0.906	3.707
16	3	22	0.458	1.028	3.062
16	3	24	0.409	0.982	3.553
16	3	26	0.498	1.074	9.029
16	3	28	0.353	1.100	3.698
16	3	30	0.649	1.001	9.986
16	3	32	0.507	0.995	14.346
16	3	34	0.506	1.058	9.059
16	3	36	0.491	1.014	9.500
16	3	38	0.519	0.994	13.479
16	3	40	0.506	1.007	10.184
16	3	42	0.492	0.977	15.564
16	3	44	0.511	1.001	12.046
16	3	46	0.540	1.023	6.854
16	3	48	0.239	0.938	4.268
16	3	50	0.587	1.021	5.832
16	3	52	0.453	1.085	15.628
16	3	54	0.556	0.998	17.641
16	3	56	0.337	0.982	14.309
16	3	58	0.505	1.010	7.276
16	3	60	0.368	0.915	3.832
16	3	62	0.680	0.981	3.302
17	0	0	0.576	1.056	3.200
17	0	2	0.568	1.068	5.426
17	0	4	0.590	1.013	12.140
17	0	6	0.660	1.079	2.021
17	0	8	0.540	1.038	15.851
17	0	10	0.233	0.998	3.223
17	0	12	0.384	1.080	5.657
17	0	14	0.677	1.110	13.654
17	0	16	0.536	1.035	12.807
17	0	18	0.480	1.079	11.089
17	0	20	0.495	1.036	10.048
17	0	22	0.584	1.073	5.712
17	0	24	0.558	1.057	7.950
17	0	26	0.483	1.043	4.276
17	0	28	0.437	1.072	5.234
17	0	30	0.664	1.116	2.348
17	0	32	0.570	1.067	0.840
17	0	34	0.480	1.053	1.218
17	0	36	0.440	1.051	2.742
17	0	38	0.634	1.054	1.493
17	0	40	0.601	1.051	3.499
17	0	42	0.584	1.084	1.569
17	0	44	0.602	1.534	33.126
17	0	46	0.322	0.922	5.385
17	0	48	0.651	1.160	1.152
17	0	50	0.250	0.981	3.905
17	0	52	0.528	1.039	0.760
17	0	54	0.629	1.039	0.923
17	0	56	0.187	0.954	2.830
17	0	58	0.453	1.034	1.619
17	0	60	0.463	1.047	2.478
17	0	62	0.543	1.037	2.335
17	1	0	0.469	1.112	11.705
17	1	2	0.545	1.084	12.935
17	1	4	0.485	1.101	8.790
17	1	6	0.479	1.101	10.095
17	1	8	0.396	1.090	3.887
17	1	10	0.565	1.180	9.229
17	1	12	0.396	1.137	6.162
17	1	14	0.274	1.085	3.817
17	1	16	0.106	0.985	4.104
17	1	18	0.530	1.073	3.418
17	1	20	0.460	1.105	8.603
17	1	22	0.165	1.039	4.282
17	1	24	0.353	1.165	7.224
17	1	26	0.343	1.067	3.597
17	1	28	0.456	1.146	6.363
17	1	30	0.478	1.116	7.563
17	1	32	0.459	1.162	4.999
17	1	34	0.179	1.067	3.252
17	1	36	0.517	1.166	11.740
17	1	38	0.462	1.104	13.659
17	1	40	0.404	1.188	12.510
17	1	42	0.613	1.108	15.866
17	1	44	0.388	1.070	10.796
17	1	46	0.459	1.132	11.528
17	1	48	0.554	1.091	11.376
17	1	50	0.529	1.150	7.948
17	1	52	0.425	1.156	16.475
17	1	54	0.535	1.097	16.349
17	1	56	0.497	1.104	17.392
17	1	58	0.447	1.097	9.324
17	1	60	0.282	1.043	3.012
17	1	62	0.323	1.118	8.777
17	2	0	0.385	1.053	2.094
17	2	2	0.484	1.124	2.955
17	2	4	0.465	1.109	1.890
17	2	6	0.517	1.109	1.086
17	2	8	0.626	1.077	1.199
17	2	10	0.437	1.093	1.779
17	2	12	0.097	0.973	2.940
17	2	14	0.625	1.090	2.050
17	2	16	0.263	1.075	3.912
17	2	18	0.581	1.085	2.288
17	2	20	0.516	1.115	1.982
17	2	22	0.491	1.053	2.068
17	2	24	0.467	1.044	3.590
17	2	26	0.634	1.120	5.082
17	2	28	0.513	1.042	3.035
17	2	30	0.523	1.079	5.511
17	2	32	0.404	1.077	8.177
17	2	34	0.349	1.075	7.155
17	2	36	0.533	1.076	7.904
17	2	38	0.380	1.054	7.225
17	2	40	0.458	1.085	10.225
17	2	42	0.617	0.901	4.421
17	2	44	0.634	1.054	7.695
17	2	46	0.445	1.187	4.704
17	2	48	0.449	1.156	6.671
17	2	50	0.421	1.070	5.044
17	2	52	0.092	1.262	3.706
17	2	54	0.504	1.318	1.876
17	2	56	0.511	1.096	1.797
17	2	58	0.683	1.117	5.030
17	2	60	0.562	1.071	2.834
17	2	62	0.320	1.002	3.316
17	3	0	0.655	1.093	2.099
17	3	2	0.452	1.056	1.432
17	3	4	0.528	1.089	2.392
17	3	6	0.781	1.026	2.138
17	3	8	0.653	1.046	1.573
17	3	10	0.197	1.041	3.449
17	3	12	0.178	1.026	4.419
17	3	14	0.515	1.080	2.241
17	3	16	0.408	1.096	1.599
17	3	18	0.588	1.121	1.835
17	3	20	0.153	1.070	3.567
17	3	22	0.519	1.332	2.391
17	3	24	0.610	1.032	0.923
17	3	26	0.485	1.052	2.059
17	3	28	0.497	1.163	1.194
17	3	30	0.420	1.043	2.585
17	3	32	0.608	1.052	4.966
17	3	34	0.500	1.145	3.522
17	3	36	0.551	1.057	5.184
17	3	38	0.651	1.017	3.401
17	3	40	0.512	1.054	3.064
17	3	42	0.509	1.088	3.483
17	3	44	0.625	1.057	2.015
17	3	46	0.544	1.041	2.011
17	3	48	0.216	1.027	3.237
17	3	50	0.643	1.034	1.286
17	3	52	0.438	1.124	0.908
17	3	54	0.479	1.121	2.476
17	3	56	0.410	1.116	1.941
17	3	58	0.506	1.060	1.332
17	3	60	0.130	0.990	3.195
17	3	62	0.496	1.024	1.285
18	0	0	0.679	1.048	0.751
18	0	2	0.580	1.035	2.197
18	0	4	0.381	1.030	1.863
18	0	6	0.385	1.091	2.281
18	0	8	0.408	1.054	2.756
18	0	10	0.320	1.019	2.885
18	0	12	0.573	1.029	1.559
18	0	14	0.364	1.034	3.194
18	0	16	0.553	1.055	1.974
18	0	18	0.481	1.042	6.812
18	0	20	0.489	1.090	4.892
18	0	22	0.516	1.052	7.287
18	0	24	0.453	1.100	6.894
18	0	26	0.569	1.060	11.648
18	0	28	0.602	1.116	8.880
18	0	30	0.421	1.064	5.701
18	0	32	0.399	1.108	2.290
18	0	34	0.452	1.089	2.625
18	0	36	0.561	1.082	1.236
18	0	38	0.504	1.091	2.477
18	0	40	0.332	1.098	3.486
18	0	42	0.579	0.999	1.173
18	0	44	0.581	1.273	3.200
18	0	46	0.457	0.932	3.853
18	0	48	0.423	1.097	2.584
18	0	50	0.158	1.022	2.180
18	0	52	0.609	1.043	1.067
18	0	54	0.530	1.036	1.300
18	0	56	0.053	1.005	2.611
18	0	58	0.692	1.096	1.493
18	0	60	0.410	1.014	1.362
18	0	62	0.505	0.996	0.554
18	1	0	0.539	1.115	2.022
18	1	2	0.536	1.088	1.994
18	1	4	0.578	1.052	1.286
18	1	6	0.704	1.059	1.760
18	1	8	0.570	1.121	1.604
18	1	10	0.447	1.118	2.258
18	1	12	0.552	1.080	2.079
18	1	14	0.442	1.046	1.724
18	1	16	0.128	0.977	4.224
18	1	18	0.493	1.145	0.790
18	1	20	0.664	1.060	1.634
18	1	22	0.399	0.990	3.804
18	1	24	0.508	1.076	2.345
18	1	26	0.394	1.005	3.284
18	1	28	0.604	1.081	2.255
18	1	30	0.466	1.112	2.570
18	1	32	0.581	1.071	2.226
18	1	34	0.277	0.966	3.780
18	1	36	0.647	1.129	4.185
18	1	38	0.510	1.060	3.033
18	1	40	0.444	1.071	2.561
18	1	42	0.539	1.077	4.125
18	1	44	0.531	1.089	3.812
18	1	46	0.569	1.072	1.070
18	1	48	0.496	1.133	1.101
18	1	50	0.543	1.049	0.825
18	1	52	0.492	1.098	3.270
18	1	54	0.512	1.059	2.426
18	1	56	0.401	1.033	1.297
18	1	58	0.667	1.066	0.880
18	1	60	0.260	0.994	3.468
18	1	62	0.498	1.057	1.042
18	2	0	0.421	1.038	5.681
18	2	2	0.473	1.089	11.232
18	2	4	0.408	1.077	5.801
18	2	6	0.532	1.092	4.153
18	2	8	0.352	1.107	5.959
18	2	10	0.425	1.060	5.168
18	2	12	0.246	0.912	4.149
18	2	14	0.429	1.044	6.138
18	2	16	0.203	1.054	4.376
18	2	18	0.400	1.034	6.946
18	2	20	0.511	1.062	9.185
18	2	22	0.516	1.081	9.965
18	2	24	0.372	1.054	6.142
18	2	26	0.581	1.042	7.481
18	2	28	0.642	1.111	12.480
18	2	30	0.626	1.105	5.118
18	2	32	0.590	1.102	2.976
18	2	34	0.472	1.033	7.364
18	2	36	0.510	1.030	6.617
18	2	38	0.466	1.054	5.863
18	2	40	0.586	1.016	3.411
18	2	42	0.500	0.910	4.109
18	2	44	0.453	1.071	1.908
18	2	46	0.460	1.121	3.626
18	2	48	0.644	1.053	2.019
18	2	50	0.679	1.046	2.707
18	2	52	0.199	1.203	3.662
18	2	54	0.478	0.974	1.760
18	2	56	0.568	1.040	3.479
18	2	58	0.596	1.101	3.844
18	2	60	0.520	1.114	3.057
18	2	62	0.268	1.007	2.676
18	3	0	0.533	1.096	9.420
18	3	2	0.520	1.057	3.336
18	3	4	0.457	1.073	2.908
18	3	6	0.391	1.151	9.812
18	3	8	0.449	1.144	6.406
18	3	10	0.364	1.003	3.387
18	3	12	0.267	1.113	3.483
18	3	14	0.593	1.107	12.312
18	3	16	0.531	1.120	12.035
18	3	18	0.537	1.121	11.367
18	3	20	0.156	1.042	3.834
18	3	22	0.466	1.153	1.363
18	3	24	0.638	1.113	4.859
18	3	26	0.451	1.074	9.582
18	3	28	0.506	1.322	5.287
18	3	30	0.388	1.087	12.062
18	3	32	0.558	1.093	11.041
18	3	34	0.605	1.086	8.582
18	3	36	0.489	1.059	9.265
18	3	38	0.505	1.077	13.545
18	3	40	0.526	1.076	10.333
18	3	42	0.352	1.127	13.196
18	3	44	0.559	1.073	9.630
18	3	46	0.399	1.082	6.684
18	3	48	0.145	1.102	3.928
18	3	50	0.371	1.140	9.627
18	3	52	0.660	1.123	13.971
18	3	54	0.614	1.086	16.939
18	3	56	0.603	1.101	13.786
18	3	58	0.574	1.067	8.588
18	3	60	0.119	1.050	3.300
18	3	62	0.542	1.075	4.332
19	0	0	0.414	0.996	3.547
19	0	2	0.419	0.994	7.044
19	0	4	0.425	1.020	15.174
19	0	6	0.662	0.939	2.882
19	0	8	0.399	1.087	16.016
19	0	10	0.393	0.942	3.041
19	0	12	0.488	1.076	6.233
19	0	14	0.481	1.030	16.487
19	0	16	0.660	1.076	14.050
19	0	18	0.420	1.010	11.571
19	0	20	0.519	0.992	8.250
19	0	22	0.541	1.006	6.518
19	0	24	0.429	1.088	6.821
19	0	26	0.419	0.994	3.548
19	0	28	0.564	1.068	3.678
19	0	30	0.682	0.994	2.286
19	0	32	0.427	1.070	3.020
19	0	34	0.421	0.988	0.821
19	0	36	0.413	1.125	0.790
19	0	38	0.553	1.009	0.735
19	0	40	0.572	1.100	4.866
19	0	42	0.465	0.982	1.734
19	0	44	0.534	2.232	91.522
19	0	46	0.410	0.906	3.727
19	0	48	0.604	1.086	2.977
19	0	50	0.171	0.951	2.675
19	0	52	0.505	1.052	1.106
19	0	54	0.598	1.105	1.604
19	0	56	0.347	1.006	2.349
19	0	58	0.443	1.045	1.747
19	0	60	0.438	1.015	1.687
19	0	62	0.456	0.983	0.919
19	1	0	0.599	1.075	14.076
19	1	2	0.632	1.079	10.428
19	1	4	0.523	1.106	9.838
19	1	6	0.507	1.088	11.937
19	1	8	0.542	1.089	3.547
19	1	10	0.362	1.081	9.316
19	1	12	0.457	1.120	6.247
19	1	14	0.543	1.136	4.678
19	1	16	0.288	0.970	4.313
19	1	18	0.727	1.079	3.897
19	1	20	0.457	1.180	8.239
19	1	22	0.263	1.035	4.242
19	1	24	0.572	1.063	6.671
19	1	26	0.383	1.091	3.349
19	1	28	0.463	1.155	6.951
19	1	30	0.489	1.118	9.211
19	1	32	0.505	1.100	6.597
19	1	34	0.334	1.048	4.720
19	1	36	0.530	1.105	10.831
19	1	38	0.457	1.121	12.308
19	1	40	0.583	1.087	10.662
19	1	42	0.620	1.101	15.382
19	1	44	0.365	1.101	8.801
19	1	46	0.504	1.098	13.490
19	1	48	0.581	1.167	11.550
19	1	50	0.452	1.102	8.558
19	1	52	0.564	1.145	18.713
19	1	54	0.558	1.075	16.041
19	1	56	0.517	1.157	17.505
19	1	58	0.699	1.067	9.757
19	1	60	0.231	1.101	3.282
19	1	62	0.481	1.084	8.849
19	2	0	0.573	0.981	3.097
19	2	2	0.445	1.012	2.094
19	2	4	0.554	1.018	2.250
19	2	6	0.596	1.030	2.030
19	2	8	0.487	1.080	1.550
19	2	10	0.494	0.974	1.804
19	2	12	0.343	0.928	2.553
19	2	14	0.474	1.069	1.261
19	2	16	0.297	0.995	1.046
19	2	18	0.534	1.014	2.144
19	2	20	0.418	1.006	2.221
19	2	22	0.608	1.072	1.892
19	2	24	0.587	1.032	2.631
19	2	26	0.545	1.044	5.267
19	2	28	0.675	0.990	2.425
19	2	30	0.607	1.040	5.267
19	2	32	0.620	1.050	7.905
19	2	34	0.423	1.086	6.019
19	2	36	0.525	1.026	7.752
19	2	38	0.522	1.075	7.537
19	2	40	0.375	1.016	9.094
19	2	42	0.426	0.891	4.406
19	2	44	0.480	1.064	8.124
19	2	46	0.543	1.013	7.435
19	2	48	0.510	1.041	7.183
19	2	50	0.483	1.086	4.196
19	2	52	0.342	1.124	5.043
19	2	54	0.607	0.964	2.089
19	2	56	0.470	1.052	3.888
19	2	58	0.735	1.004	4.441
19	2	60	0.461	1.046	4.881
19	2	62	0.249	0.990	1.716
19	3	0	0.706	1.068	0.929
19	3	2	0.553	1.129	1.772
19	3	4	0.567	1.032	1.438
19	3	6	0.460	1.038	2.336
19	3	8	0.533	1.111	2.873
19	3	10	0.235	1.031	3.453
19	3	12	0.315	0.979	2.496
19	3	14	0.462	1.113	1.958
19	3	16	0.506	1.126	3.032
19	3	18	0.568	1.087	2.630
19	3	20	0.206	1.098	2.534
19	3	22	0.502	0.973	2.475
19	3	24	0.528	1.048	1.246
19	3	26	0.327	1.026	1.744
19	3	28	0.390	1.232	1.899
19	3	30	0.403	1.103	3.111
19	3	32	0.601	1.061	3.526
19	3	34	0.402	1.033	5.575
19	3	36	0.544	1.028	5.107
19	3	38	0.472	1.040	3.846
19	3	40	0.531	1.135	1.433
19	3	42	0.574	1.130	1.945
19	3	44	0.580	1.064	1.813
19	3	46	0.503	1.072	1.519
19	3	48	0.331	1.016	2.832
19	3	50	0.503	1.031	1.596
19	3	52	0.445	1.087	1.721
19	3	54	0.360	1.091	1.158
19	3	56	0.499	1.102	1.324
19	3	58	0.487	1.125	0.823
19	3	60	0.360	1.002	3.742
19	3	62	0.418	1.112	1.059
20	0	0	0.416	0.960	0.889
20	0	2	0.481	0.991	2.092
20	0	4	0.415	0.973	2.148
20	0	6	0.511	1.013	1.940
20	0	8	0.380	1.070	1.928
20	0	10	0.331	0.985	3.507
20	0	12	0.380	0.980	1.168
20	0	14	0.434	1.005	3.434
20	0	16	0.436	1.017	2.015
20	0	18	0.592	0.989	2.663
20	0	20	0.468	1.038	3.891
20	0	22	0.625	1.064	5.971
20	0	24	0.584	1.072	8.156
20	0	26	0.458	1.023	9.084
20	0	28	0.555	1.071	9.338
20	0	30	0.518	1.030	5.968
20	0	32	0.488	1.013	2.479
20	0	34	0.620	1.060	1.546
20	0	36	0.528	1.098	0.700
20	0	38	0.526	1.032	1.324
20	0	40	0.473	1.009	3.462
20	0	42	0.534	1.075	1.112
20	0	44	0.528	1.040	1.162
20	0	46	0.329	0.916	4.871
20	0	48	0.483	1.056	1.575
20	0	50	0.244	1.011	2.810
20	0	52	0.492	1.075	0.988
20	0	54	0.528	0.981	0.698
20	0	56	0.424	0.932	4.053
20	0	58	0.423	1.041	1.559
20	0	60	0.548	0.999	1.932
20	0	62	0.501	0.991	1.364
20	1	0	0.451	0.964	2.065
20	1	2	0.459	0.983	1.828
20	1	4	0.550	0.969	0.583
20	1	6	0.565	0.990	1.363
20	1	8	0.579	0.977	1.134
20	1	10	0.409	0.976	2.192
20	1	12	0.416	1.040	1.915
20	1	14	0.455	0.978	1.022
20	1	16	0.167	0.965	3.539
20	1	18	0.455	0.974	0.833
20	1	20	0.488	0.973	1.293
20	1	22	0.394	0.976	2.702
20	1	24	0.610	1.009	1.397
20	1	26	0.344	0.991	2.866
20	1	28	0.516	1.003	1.524
20	1	30	0.510	0.984	1.143
20	1	32	0.520	0.999	2.413
20	1	34	0.204	0.943	4.493
20	1	36	0.550	0.987	4.202
20	1	38	0.683	0.975	2.441
20	1	40	0.343	0.953	3.078
20	1	42	0.512	0.977	2.481
20	1	44	0.520	0.978	5.438
20	1	46	0.257	0.990	1.305
20	1	48	0.431	1.033	2.021
20	1	50	0.393	0.953	1.298
20	1	52	0.506	0.983	2.412
20	1	54	0.591	1.019	2.930
20	1	56	0.489	0.965	2.431
20	1	58	0.523	0.968	0.982
20	1	60	0.292	0.903	2.922
20	1	62	0.450	1.021	1.004
20	2	0	0.477	1.003	6.750
20	2	2	0.475	0.978	9.582
20	2	4	0.496	1.027	5.098
20	2	6	0.580	1.010	5.936
20	2	8	0.694	0.977	8.675
20	2	10	0.527	1.015	6.943
20	2	12	0.356	0.913	4.456
20	2	14	0.621	0.992	7.212
20	2	16	0.217	0.931	5.206
20	2	18	0.702	0.973	9.064
20	2	20	0.494	0.981	10.966
20	2	22	0.579	0.988	12.157
20	2	24	0.468	0.989	9.179
20	2	26	0.610	0.976	11.639
20	2	28	0.553	1.028	13.353
20	2	30	0.365	1.018	4.436
20	2	32	0.554	0.982	3.408
20	2	34	0.484	0.966	7.270
20	2	36	0.518	0.980	8.268
20	2	38	0.533	0.980	8.191
20	2	40	0.642	1.055	5.539
20	2	42	0.353	0.883	5.387
20	2	44	0.518	0.971	2.659
20	2	46	0.659	0.956	2.400
20	2	48	0.368	1.018	2.157
20	2	50	0.402	0.989	2.281
20	2	52	0.337	1.027	3.973
20	2	54	0.506	0.980	1.665
20	2	56	0.575	0.982	4.632
20	2	58	0.467	1.016	2.410
20	2	60	0.660	0.966	4.173
20	2	62	0.306	0.955	5.471
20	3	0	0.525	1.015	10.756
20	3	2	0.594	0.996	3.623
20	3	4	0.557	1.057	3.564
20	3	6	0.547	0.975	11.081
20	3	8	0.466	1.056	6.278
20	3	10	0.443	0.981	2.937
20	3	12	0.327	1.034	1.903
20	3	14	0.455	1.069	10.984
20	3	16	0.543	1.032	14.110
20	3	18	0.634	1.032	13.140
20	3	20	0.266	1.005	1.300
20	3	22	0.588	1.015	0.475
20	3	24	0.503	1.028	3.771
20	3	26	0.526	1.027	11.199
20	3	28	0.615	1.204	14.580
20	3	30	0.364	1.025	11.356
20	3	32	0.404	1.036	14.000
20	3	34	0.397	1.056	9.832
20	3	36	0.604	1.080	8.153
20	3	38	0.542	1.056	15.757
20	3	40	0.543	1.065	10.989
20	3	42	0.507	1.039	13.919
20	3	44	0.468	1.083	11.033
20	3	46	0.390	1.022	6.622
20	3	48	0.264	0.984	4.746
20	3	50	0.367	1.034	8.710
20	3	52	0.586	1.014	15.906
20	3	54	0.553	1.113	16.210
20	3	56	0.498	1.050	11.995
20	3	58	0.613	1.031	8.955
20	3	60	0.275	1.001	1.206
20	3	62	0.524	1.014	3.168
21	0	0	0.424	1.046	3.367
21	0	2	0.514	1.118	5.005
21	0	4	0.566	1.074	11.275
21	0	6	0.394	1.137	1.612
21	0	8	0.622	1.089	12.701
21	0	10	0.165	1.015	3.623
21	0	12	0.474	1.131	6.160
21	0	14	0.490	1.110	15.538
21	0	16	0.342	1.075	14.577
21	0	18	0.484	1.083	11.704
21	0	20	0.452	1.028	10.575
21	0	22	0.586	1.088	6.350
21	0	24	0.653	1.082	6.950
21	0	26	0.517	1.044	4.033
21	0	28	0.537	1.069	3.617
21	0	30	0.423	1.070	1.644
21	0	32	0.462	1.179	1.403
21	0	34	0.586	1.073	1.611
21	0	36	0.670	1.057	1.383
21	0	38	0.515	1.081	1.506
21	0	40	0.529	1.070	4.695
21	0	42	0.690	1.040	1.873
21	0	44	0.216	1.598	99.363
21	0	46	0.161	0.978	3.507
21	0	48	0.544	1.111	1.639
21	0	50	0.273	1.033	2.609
21	0	52	0.571	1.134	1.436
21	0	54	0.525	1.108	1.266
21	0	56	0.278	1.081	2.380
21	0	58	0.438	1.041	1.881
21	0	60	0.475	1.053	2.078
21	0	62	0.500	1.054	0.789
21	1	0	0.569	1.120	13.934
21	1	2	0.522	1.108	13.050
21	1	4	0.359	1.121	11.053
21	1	6	0.520	1.055	13.135
21	1	8	0.463	1.097	5.356
21	1	10	0.440	1.068	11.870
21	1	12	0.471	1.103	8.407
21	1	14	0.448	1.073	4.285
21	1	16	0.242	0.989	3.534
21	1	18	0.439	1.046	5.714
21	1	20	0.524	1.117	9.138
21	1	22	0.344	1.010	5.881
21	1	24	0.472	1.162	8.139
21	1	26	0.245	1.048	3.930
21	1	28	0.500	1.156	6.523
21	1	30	0.496	1.146	6.966
21	1	32	0.515	1.125	7.395
21	1	34	0.159	1.017	4.273
21	1	36	0.518	1.106	11.138
21	1	38	0.451	1.089	13.421
21	1	40	0.613	1.141	13.871
21	1	42	0.571	1.140	16.913
21	1	44	0.532	1.064	10.549
21	1	46	0.408	1.108	15.527
21	1	48	0.493	1.160	12.434
21	1	50	0.482	1.166	7.834
21	1	52	0.424	1.110	20.321
21	1	54	0.510	1.094	16.614
21	1	56	0.508	1.080	17.174
21	1	58	0.448	1.084	10.362
21	1	60	0.272	1.078	3.774
21	1	62	0.719	1.084	9.765
21	2	0	0.406	1.057	2.708
21	2	2	0.467	1.107	2.060
21	2	4	0.727	1.131	2.980
21	2	6	0.731	1.057	1.622
21	2	8	0.498	1.108	0.904
21	2	10	0.575	1.117	1.951
21	2	12	0.159	0.980	3.596
21	2	14	0.489	1.038	1.659
21	2	16	0.236	1.071	3.022
21	2	18	0.463	1.122	1.480
21	2	20	0.570	1.115	3.015
21	2	22	0.437	1.082	2.709
21	2	24	0.521	1.142	3.283
21	2	26	0.384	1.167	4.794
21	2	28	0.388	1.058	3.585
21	2	30	0.420	1.071	5.173
21	2	32	0.561	1.112	8.473
21	2	34	0.603	1.071	7.232
21	2	36	0.515	1.098	6.382
21	2	38	0.560	1.117	6.909
21	2	40	0.486	1.127	9.007
21	2	42	0.443	0.965	3.853
21	2	44	0.573	1.099	6.759
21	2	46	0.552	1.183	5.509
21	2	48	0.462	1.128	6.876
21	2	50	0.462	1.088	4.568
21	2	52	0.150	1.271	4.424
21	2	54	0.447	1.024	2.230
21	2	56	0.591	1.118	2.738
21	2	58	0.381	1.118	4.317
21	2	60	0.484	1.081	4.323
21	2	62	0.358	1.047	3.664
21	3	0	0.443	1.012	1.232
21	3	2	0.460	1.050	0.705
21	3	4	0.517	1.022	0.700
21	3	6	0.537	0.968	0.834
21	3	8	0.379	1.036	0.471
21	3	10	0.260	0.995	2.260
21	3	12	0.295	1.012	3.203
21	3	14	0.483	0.999	1.716
21	3	16	0.375	1.046	3.123
21	3	18	0.488	1.058	1.936
21	3	20	0.175	1.083	2.801
21	3	22	0.560	1.106	1.471
21	3	24	0.612	1.053	1.261
21	3	26	0.524	1.079	3.720
21	3	28	0.685	1.422	6.676
21	3	30	0.566	0.998	3.156
21	3	32	0.372	1.013	2.330
21	3	34	0.673	1.063	3.989
21	3	36	0.446	1.007	4.483
21	3	38	0.577	1.072	2.074
21	3	40	0.511	1.006	2.005
21	3	42	0.393	1.060	2.900
21	3	44	0.305	0.997	1.228
21	3	46	0.466	1.037	1.554
21	3	48	0.268	1.014	2.441
21	3	50	0.526	1.072	1.770
21	3	52	0.600	1.060	2.185
21	3	54	0.647	1.026	2.393
21	3	56	0.568	1.014	1.689
21	3	58	0.487	1.009	1.303
21	3	60	0.231	0.956	4.390
21	3	62	0.553	1.006	0.427
22	0	0	0.477	1.009	2.252
22	0	2	0.375	1.069	2.164
22	0	4	0.540	1.059	1.936
22	0	6	0.479	1.061	0.701
22	0	8	0.467	1.031	1.784
22	0	10	0.076	1.012	2.116
22	0	12	0.628	1.065	1.130
22	0	14	0.525	1.099	3.098
22	0	16	0.501	1.067	3.053
22	0	18	0.548	1.091	3.600
22	0	20	0.716	1.035	2.540
22	0	22	0.561	1.031	4.359
22	0	24	0.496	1.049	6.570
22	0	26	0.508	1.044	9.901
22	0	28	0.506	1.024	9.130
22	0	30	0.601	1.075	4.943
22	0	32	0.708	1.059	1.959
22	0	34	0.547	1.035	1.614
22	0	36	0.563	1.055	1.884
22	0	38	0.551	1.127	1.143
22	0	40	0.413	1.086	4.351
22	0	42	0.494	1.053	1.038
22	0	44	0.649	1.238	1.585
22	0	46	0.016	0.994	3.643
22	0	48	0.494	1.038	1.407
22	0	50	0.265	1.008	4.001
22	0	52	0.501	1.053	0.801
22	0	54	0.424	1.042	2.198
22	0	56	0.199	0.933	3.504
22	0	58	0.728	1.085	1.168
22	0	60	0.451	1.081	1.435
22	0	62	0.494	1.044	1.370
22	1	0	0.586	0.989	1.871
22	1	2	0.416	0.987	2.091
22	1	4	0.509	0.990	1.666
22	1	6	0.593	1.002	1.678
22	1	8	0.426	0.970	1.129
22	1	10	0.457	0.974	1.658
22	1	12	0.626	1.022	2.188
22	1	14	0.632	0.988	2.942
22	1	16	0.080	0.923	2.700
22	1	18	0.466	1.024	0.622
22	1	20	0.590	0.988	0.980
22	1	22	0.329	0.997	1.560
22	1	24	0.529	0.975	0.430
22	1	26	0.278	1.048	3.751
22	1	28	0.578	1.029	1.566
22	1	30	0.490	0.953	2.105
22	1	32	0.559	0.982	2.836
22	1	34	0.193	0.943	2.264
22	1	36	0.566	1.037	3.808
22	1	38	0.539	0.956	2.619
22	1	40	0.414	0.954	2.500
22	1	42	0.525	0.962	2.543
22	1	44	0.564	0.975	3.296
22	1	46	0.640	0.992	1.034
22	1	48	0.622	0.997	1.775
22	1	50	0.528	0.992	1.266
22	1	52	0.548	0.961	1.392
22	1	54	0.598	0.989	2.520
22	1	56	0.562	0.939	2.057
22	1	58	0.450	0.972	0.868
22	1	60	0.200	0.974	2.071
22	1	62	0.537	0.991	2.560
22	2	0	0.413	1.086	3.909
22	2	2	0.392	1.146	7.694
22	2	4	0.602	1.066	5.204
22	2	6	0.451	1.067	3.660
22	2	8	0.489	1.033	6.714
22	2	10	0.552	1.092	6.432
22	2	12	0.242	1.063	3.670
22	2	14	0.436	1.051	5.638
22	2	16	0.211	1.050	3.206
22	2	18	0.400	1.093	7.058
22	2	20	0.533	1.069	11.868
22	2	22	0.513	1.122	10.497
22	2	24	0.499	1.106	7.115
22	2	26	0.600	1.051	9.116
22	2	28	0.621	1.109	14.331
22	2	30	0.566	1.104	3.192
22	2	32	0.326	1.046	2.702
22	2	34	0.617	1.060	6.999
22	2	36	0.555	1.050	7.650
22	2	38	0.541	1.009	7.608
22	2	40	0.594	1.052	3.617
22	2	42	0.519	0.993	5.553
22	2	44	0.503	1.071	1.541
22	2	46	0.447	1.032	1.963
22	2	48	0.449	1.110	2.510
22	2	50	0.472	1.043	1.873
22	2	52	0.177	1.350	1.961
22	2	54	0.565	0.990	1.269
22	2	56	0.587	1.157	4.121
22	2	58	0.428	1.073	4.060
22	2	60	0.351	1.038	2.994
22	2	62	0.185	1.108	2.580
22	3	0	0.483	1.125	8.290
22	3	2	0.323	0.998	4.011
22	3	4	0.410	1.014	5.236
22	3	6	0.482	1.085	8.575
22	3	8	0.404	1.012	7.823
22	3	10	0.199	1.082	3.264
22	3	12	0.242	1.119	1.189
22	3	14	0.642	1.068	9.342
22	3	16	0.430	1.021	11.204
22	3	18	0.411	1.043	13.326
22	3	20	0.272	0.977	3.150
22	3	22	0.478	1.207	6.044
22	3	24	0.507	1.041	3.622
22	3	26	0.601	1.100	9.425
22	3	28	0.418	1.357	18.350
22	3	30	0.595	1.058	11.620
22	3	32	0.455	1.093	12.148
22	3	34	0.688	1.019	6.363
22	3	36	0.489	1.080	7.597
22	3	38	0.588	1.128	12.748
22	3	40	0.554	1.089	9.986
22	3	42	0.365	1.124	15.882
22	3	44	0.488	1.147	11.514
22	3	46	0.510	1.039	6.860
22	3	48	-0.038	1.068	4.037
22	3	50	0.644	1.080	9.364
22	3	52	0.462	1.193	13.572
22	3	54	0.447	1.105	15.076
22	3	56	0.537	1.199	11.156
22	3	58	0.448	1.033	8.720
22	3	60	0.022	1.005	3.268
22	3	62	0.371	1.013	5.635
23	0	0	0.556	1.035	2.525
23	0	2	0.450	0.923	6.700
23	0	4	0.487	1.025	12.588
23	0	6	0.452	1.025	1.842
23	0	8	0.594	1.061	14.130
23	0	10	0.455	0.983	2.396
23	0	12	0.546	1.045	5.480
23	0	14	0.458	1.108	15.261
23	0	16	0.667	1.040	13.360
23	0	18	0.450	1.027	10.625
23	0	20	0.594	1.014	10.235
23	0	22	0.444	1.050	7.936
23	0	24	0.564	1.019	7.503
23	0	26	0.639	0.984	3.445
23	0	28	0.636	1.010	4.944
23	0	30	0.519	1.052	2.699
23	0	32	0.428	1.011	1.071
23	0	34	0.483	1.040	1.073
23	0	36	0.609	1.032	1.772
23	0	38	0.535	1.053	1.908
23	0	40	0.622	1.048	4.032
23	0	42	0.366	1.054	2.326
23	0	44	0.527	1.283	2.402
23	0	46	0.240	0.911	5.260
23	0	48	0.537	1.061	1.220
23	0	50	0.338	0.996	2.877
23	0	52	0.518	1.025	1.367
23	0	54	0.512	1.064	0.837
23	0	56	0.349	1.040	3.158
23	0	58	0.467	1.041	1.066
23	0	60	0.580	1.020	2.810
23	0	62	0.525	1.001	0.930
23	1	0	0.460	1.069	12.875
23	1	2	0.543	0.995	14.638
23	1	4	0.600	1.070	9.790
23	1	6	0.491	0.987	13.115
23	1	8	0.420	1.076	5.310
23	1	10	0.376	0.963	12.636
23	1	12	0.571	0.976	7.129
23	1	14	0.371	0.981	3.591
23	1	16	0.376	0.979	2.220
23	1	18	0.628	0.968	6.285
23	1	20	0.514	0.993	9.884
23	1	22	0.334	0.924	5.067
23	1	24	0.582	1.118	8.610
23	1	26	0.316	0.854	6.762
23	1	28	0.492	0.978	6.965
23	1	30	0.576	0.961	8.045
23	1	32	0.539	0.998	5.171
23	1	34	0.501	0.988	2.650
23	1	36	0.549	1.020	12.020
23	1	38	0.645	0.965	14.128
23	1	40	0.629	0.945	2.994
23	1	42	0.513	1.150	19.169
23	1	44	0.582	1.019	9.192
23	1	46	0.526	1.063	13.507
23	1	48	0.407	1.050	12.957
23	1	50	0.703	1.068	6.844
23	1	52	0.600	1.024	18.267
23	1	54	0.456	1.051	15.183
23	1	56	0.392	1.043	19.315
23	1	58	0.367	0.989	10.601
23	1	60	0.381	0.983	3.685
23	1	62	0.426	1.001	8.244
23	2	0	0.501	1.019	3.681
23	2	2	0.481	1.006	3.402
23	2	4	0.606	1.028	2.447
23	2	6	0.612	1.061	2.418
23	2	8	0.527	1.035	1.528
23	2	10	0.442	1.002	1.550
23	2	12	0.406	0.898	7.510
23	2	14	0.596	1.026	2.287
23	2	16	0.362	0.863	5.958
23	2	18	0.486	1.001	1.949
23	2	20	0.489	1.014	2.243
23	2	22	0.543	0.993	1.921
23	2	24	0.578	0.982	3.208
23	2	26	0.565	0.959	4.794
23	2	28	0.411	0.998	3.128
23	2	30	0.448	1.104	4.616
23	2	32	0.453	0.994	8.345
23	2	34	0.641	0.990	6.523
23	2	36	0.461	1.044	9.335
23	2	38	0.685	0.995	5.966
23	2	40	0.467	1.062	12.987
23	2	42	0.438	0.787	3.865
23	2	44	0.448	1.087	8.305
23	2	46	0.404	0.978	6.206
23	2	48	0.440	1.041	8.642
23	2	50	0.424	1.027	4.513
23	2	52	0.422	1.033	5.657
23	2	54	0.440	0.956	2.480
23	2	56	0.458	1.097	3.286
23	2	58	0.374	1.011	3.894
23	2	60	0.495	1.000	3.277
23	2	62	0.274	0.929	4.089
23	3	0	0.428	1.189	1.627
23	3	2	0.538	1.015	3.053
23	3	4	0.466	1.063	0.952
23	3	6	0.423	1.014	3.542
23	3	8	0.417	1.061	0.848
23	3	10	0.362	0.962	7.757
23	3	12	0.325	1.027	3.169
23	3	14	0.540	1.006	1.691
23	3	16	0.630	1.130	1.479
23	3	18	0.518	1.029	3.388
23	3	20	0.390	0.976	4.267
23	3	22	0.703	0.948	4.539
23	3	24	0.463	1.031	2.022
23	3	26	0.415	1.060	1.900
23	3	28	0.823	1.238	7.545
23	3	30	0.431	1.067	3.769
23	3	32	0.578	0.985	2.261
23	3	34	0.568	1.106	4.173
23	3	36	0.517	1.045	5.201
23	3	38	0.577	1.006	3.162
23	3	40	0.574	1.037	1.951
23	3	42	0.571	1.006	2.422
23	3	44	0.499	1.096	1.483
23	3	46	0.380	1.092	2.205
23	3	48	0.421	0.975	4.795
23	3	50	0.507	1.179	1.484
23	3	52	0.398	1.049	2.557
23	3	54	0.378	1.227	1.967
23	3	56	0.433	0.964	4.756
23	3	58	0.509	1.072	1.419
23	3	60	0.383	0.907	4.347
23	3	62	0.547	1.059	3.271
24	0	0	0.514	1.090	1.094
24	0	2	0.493	1.072	1.496
24	0	4	0.460	1.143	1.479
24	0	6	0.581	1.120	1.384
24	0	8	0.580	1.073	3.259
24	0	10	0.120	0.997	2.556
24	0	12	0.476	1.179	1.010
24	0	14	0.421	1.122	2.117
24	0	16	0.450	1.144	2.275
24	0	18	0.513	1.082	3.739
24	0	20	0.489	1.177	2.722
24	0	22	0.492	1.117	5.698
24	0	24	0.442	1.176	7.169
24	0	26	0.492	1.116	9.094
24	0	28	0.470	1.164	8.826
24	0	30	0.447	1.134	6.216
24	0	32	0.567	1.082	1.949
24	0	34	0.673	1.122	1.770
24	0	36	0.544	1.147	1.144
24	0	38	0.343	1.132	1.962
24	0	40	0.513	1.169	3.088
24	0	42	0.514	1.102	0.884
24	0	44	0.319	1.174	2.745
24	0	46	0.295	0.895	6.868
24	0	48	0.413	1.161	1.285
24	0	50	0.252	1.014	4.106
24	0	52	0.524	1.115	0.684
24	0	54	0.497	1.105	0.353
24	0	56	0.296	1.072	1.698
24	0	58	0.503	1.108	1.181
24	0	60	0.576	1.101	0.848
24	0	62	0.482	1.117	1.408
24	1	0	0.384	1.078	2.118
24	1	2	0.345	1.154	7.109
24	1	4	0.615	1.089	1.559
24	1	6	0.570	1.053	2.297
24	1	8	0.528	1.308	1.864
24	1	10	0.529	1.040	3.105
24	1	12	0.350	1.017	2.079
24	1	14	0.524	1.200	6.381
24	1	16	0.226	1.002	4.263
24	1	18	0.566	1.035	0.553
24	1	20	0.446	1.131	1.885
24	1	22	0.168	0.988	3.047
24	1	24	0.577	1.078	1.740
24	1	26	0.355	1.011	3.475
24	1	28	0.509	1.074	1.479
24	1	30	0.532	1.030	2.431
24	1	32	0.393	1.053	1.220
24	1	34	0.191	0.964	3.092
24	1	36	0.437	1.022	4.306
24	1	38	0.447	1.086	3.373
24	1	40	0.425	1.047	3.735
24	1	42	0.508	1.119	2.442
24	1	44	0.415	1.056	5.380
24	1	46	0.460	1.067	1.694
24	1	48	0.371	1.047	2.480
24	1	50	0.418	1.046	0.740
24	1	52	0.541	1.068	1.952
24	1	54	0.505	1.065	3.671
24	1	56	0.540	1.129	2.122
24	1	58	0.452	1.133	0.546
24	1	60	0.187	1.007	3.193
24	1	62	0.451	1.019	0.652
24	2	0	0.596	1.102	4.550
24	2	2	0.507	1.146	6.833
24	2	4	0.593	1.066	6.479
24	2	6	0.468	1.105	5.054
24	2	8	0.582	1.162	6.427
24	2	10	0.546	1.046	6.123
24	2	12	0.238	0.978	3.282
24	2	14	0.488	1.201	5.881
24	2	16	0.362	0.958	5.356
24	2	18	0.601	1.079	7.338
24	2	20	0.594	1.139	9.975
24	2	22	0.592	1.115	14.512
24	2	24	0.457	1.141	6.465
24	2	26	0.503	1.145	7.750
24	2	28	0.452	1.115	13.840
24	2	30	0.649	1.087	3.524
24	2	32	0.351	1.049	1.965
24	2	34	0.654	1.108	5.539
24	2	36	0.630	1.163	7.944
24	2	38	0.504	1.090	5.877
24	2	40	0.565	1.142	4.186
24	2	42	0.562	0.877	4.589
24	2	44	0.544	1.098	1.688
24	2	46	0.415	1.267	2.809
24	2	48	0.507	1.213	6.364
24	2	50	0.475	1.030	1.433
24	2	52	0.377	1.144	3.472
24	2	54	0.532	1.025	1.225
24	2	56	0.635	1.050	4.611
24	2	58	0.599	1.105	3.935
24	2	60	0.623	1.067	2.879
24	2	62	0.275	1.048	2.239
24	3	0	0.465	1.187	8.066
24	3	2	0.503	1.191	4.077
24	3	4	0.518	1.266	4.041
24	3	6	0.548	1.159	8.679
24	3	8	0.516	1.194	6.993
24	3	10	0.239	1.022	4.557
24	3	12	0.407	1.064	3.668
24	3	14	0.523	1.123	9.483
24	3	16	0.504	1.150	10.577
24	3	18	0.582	1.214	12.550
24	3	20	0.236	1.097	3.327
24	3	22	0.515	1.241	7.387
24	3	24	0.463	1.209	4.026
24	3	26	0.402	1.136	11.171
24	3	28	0.525	1.221	3.236
24	3	30	0.422	1.116	10.385
24	3	32	0.419	1.185	13.831
24	3	34	0.558	1.191	8.824
24	3	36	0.419	1.098	11.881
24	3	38	0.540	1.140	11.216
24	3	40	0.569	1.213	10.492
24	3	42	0.671	1.169	13.053
24	3	44	0.678	1.156	11.096
24	3	46	0.519	1.190	6.549
24	3	48	0.286	1.095	4.865
24	3	50	0.523	1.091	9.778
24	3	52	0.571	1.245	13.445
24	3	54	0.617	1.152	17.543
24	3	56	0.606	1.127	13.460
24	3	58	0.561	1.198	7.721
24	3	60	0.072	1.041	3.181
24	3	62	0.511	1.188	4.685
25	0	0	0.401	0.992	2.096
25	0	2	0.531	0.981	6.502
25	0	4	0.429	1.057	13.115
25	0	6	0.424	1.015	1.788
25	0	8	0.547	1.105	13.558
25	0	10	0.314	1.064	2.038
25	0	12	0.404	1.041	6.349
25	0	14	0.495	1.038	15.497
25	0	16	0.519	1.064	14.636
25	0	18	0.474	1.263	7.841
25	0	20	0.615	1.029	8.726
25	0	22	0.346	1.005	8.549
25	0	24	0.389	1.088	7.364
25	0	26	0.420	1.036	3.040
25	0	28	0.538	1.002	5.235
25	0	30	0.416	1.008	1.996
25	0	32	0.460	1.131	1.917
25	0	34	0.439	1.022	1.701
25	0	36	0.474	1.041	0.649
25	0	38	0.460	1.061	3.681
25	0	40	0.630	1.022	4.632
25	0	42	0.436	2.444	160.663
25	0	44	-0.972	2.178	146.663
25	0	46	0.121	0.955	4.068
25	0	48	0.359	1.148	0.879
25	0	50	0.392	0.968	3.411
25	0	52	0.539	1.010	1.961
25	0	54	0.440	1.038	2.108
25	0	56	0.345	1.023	2.839
25	0	58	0.510	1.041	1.833
25	0	60	0.566	1.084	1.116
25	0	62	0.364	0.998	1.201
25	1	0	0.576	1.137	12.258
25	1	2	0.574	1.128	14.475
25	1	4	0.503	1.164	8.871
25	1	6	0.690	1.151	11.495
25	1	8	0.627	1.106	4.757
25	1	10	0.490	1.080	11.482
25	1	12	0.456	1.105	9.414
25	1	14	0.625	1.088	4.254
25	1	16	0.089	1.015	2.178
25	1	18	0.426	1.074	6.264
25	1	20	0.643	1.167	7.890
25	1	22	0.256	1.138	4.440
25	1	24	0.622	1.046	6.724
25	1	26	0.260	1.194	2.531
25	1	28	0.463	1.167	7.109
25	1	30	0.701	1.108	8.094
25	1	32	0.489	1.117	7.045
25	1	34	0.069	1.084	3.546
25	1	36	0.586	1.101	10.070
25	1	38	0.548	1.129	12.238
25	1	40	0.546	1.153	9.318
25	1	42	0.461	1.140	18.580
25	1	44	0.627	1.059	9.012
25	1	46	0.509	1.124	12.396
25	1	48	0.595	1.070	13.007
25	1	50	0.548	1.087	7.241
25	1	52	0.471	1.154	13.690
25	1	54	0.454	1.070	15.674
25	1	56	0.533	1.105	13.684
25	1	58	0.571	1.055	10.412
25	1	60	0.188	1.046	3.174
25	1	62	0.501	1.137	9.914
25	2	0	0.569	1.215	2.122
25	2	2	0.508	1.210	2.399
25	2	4	0.513	1.271	5.419
25	2	6	0.571	1.232	0.675
25	2	8	0.568	1.108	2.820
25	2	10	0.295	1.235	1.643
25	2	12	0.155	1.101	1.756
25	2	14	0.480	1.148	2.142
25	2	16	0.268	1.235	2.673
25	2	18	0.487	1.258	4.162
25	2	20	0.609	1.178	3.105
25	2	22	0.471	1.286	1.497
25	2	24	0.527	1.169	3.025
25	2	26	0.465	1.179	5.871
25	2	28	0.453	1.192	2.095
25	2	30	0.418	2.512	137.430
25	2	32	0.588	1.309	5.618
25	2	34	0.708	1.168	7.209
25	2	36	0.365	1.130	6.671
25	2	38	0.418	1.250	7.021
25	2	40	0.500	1.261	8.548
25	2	42	0.446	1.063	3.363
25	2	44	0.514	1.190	5.464
25	2	46	0.582	1.176	5.102
25	2	48	0.509	1.322	6.056
25	2	50	0.515	1.169	7.216
25	2	52	0.297	2.225	13.770
25	2	54	0.554	1.140	1.777
25	2	56	0.525	1.236	1.987
25	2	58	0.461	1.362	2.450
25	2	60	0.557	1.178	2.669
25	2	62	0.260	1.256	2.569
25	3	0	0.636	1.140	0.666
25	3	2	0.539	1.163	1.100
25	3	4	0.560	1.089	1.476
25	3	6	0.542	1.088	1.830
25	3	8	0.513	1.098	1.791
25	3	10	0.425	1.090	3.064
25	3	12	0.241	1.079	3.166
25	3	14	0.456	1.075	1.153
25	3	16	0.491	1.119	1.423
25	3	18	0.650	1.074	2.185
25	3	20	0.079	1.031	2.204
25	3	22	0.405	2.356	120.826
25	3	24	0.519	1.129	2.595
25	3	26	0.504	1.054	1.633
25	3	28	0.497	1.891	38.690
25	3	30	0.460	1.083	3.292
25	3	32	0.361	1.088	2.332
25	3	34	0.429	1.043	5.705
25	3	36	0.518	1.057	3.916
25	3	38	0.516	1.079	2.497
25	3	40	0.640	1.059	1.008
25	3	42	0.667	1.074	2.693
25	3	44	0.537	1.114	1.198
25	3	46	0.493	1.081	2.407
25	3	48	0.207	1.192	2.822
25	3	50	0.653	1.148	1.925
25	3	52	0.621	1.158	2.311
25	3	54	0.426	1.084	1.982
25	3	56	0.558	1.122	1.403
25	3	58	0.385	1.065	1.814
25	3	60	0.136	1.113	1.948
25	3	62	0.597	1.107	1.938
26	0	0	0.416	1.146	1.547
26	0	2	0.512	1.112	1.832
26	0	4	0.572	1.109	1.749
26	0	6	0.458	1.186	1.005
26	0	8	0.460	1.097	1.922
26	0	10	0.286	1.058	3.205
26	0	12	0.323	1.116	1.633
26	0	14	0.426	1.190	2.613
26	0	16	0.481	1.191	3.421
26	0	18	0.629	1.194	3.981
26	0	20	0.533	1.154	2.997
26	0	22	0.487	1.123	6.058
26	0	24	0.428	1.205	8.072
26	0	26	0.574	1.146	9.888
26	0	28	0.560	1.159	8.008
26	0	30	0.396	1.208	5.959
26	0	32	0.394	1.225	2.040
26	0	34	0.552	1.148	1.812
26	0	36	0.510	1.213	1.675
26	0	38	0.467	1.148	1.603
26	0	40	0.354	1.097	3.893
26	0	42	0.603	1.189	1.121
26	0	44	0.803	2.284	79.010
26	0	46	0.343	1.041	3.522
26	0	48	0.461	1.168	1.507
26	0	50	0.258	1.081	2.852
26	0	52	0.606	1.128	0.985
26	0	54	0.508	1.176	1.325
26	0	56	0.298	1.026	3.260
26	0	58	0.374	1.132	0.650
26	0	60	0.488	1.150	1.304
26	0	62	0.496	1.102	2.096
26	1	0	0.491	1.135	1.887
26	1	2	0.528	1.164	2.085
26	1	4	0.330	1.123	1.621
26	1	6	0.500	1.178	1.279
26	1	8	0.495	1.141	0.924
26	1	10	0.523	1.109	1.840
26	1	12	0.553	1.112	1.756
26	1	14	0.774	1.166	1.840
26	1	16	0.158	1.050	2.973
26	1	18	0.456	1.111	1.208
26	1	20	0.569	1.129	0.987
26	1	22	0.319	1.094	2.112
26	1	24	0.651	1.093	1.224
26	1	26	0.308	1.097	2.958
26	1	28	0.399	1.210	2.199
26	1	30	0.587	1.177	1.485
26	1	32	0.416	1.145	1.597
26	1	34	0.240	1.065	3.229
26	1	36	0.579	1.113	4.297
26	1	38	0.508	1.125	2.318
26	1	40	0.293	1.107	2.627
26	1	42	0.390	1.120	1.399
26	1	44	0.498	1.097	3.670
26	1	46	0.693	1.101	1.270
26	1	48	0.395	1.148	1.165
26	1	50	0.551	1.093	1.655
26	1	52	0.573	1.141	0.922
26	1	54	0.460	1.108	2.198
26	1	56	0.456	1.175	1.719
26	1	58	0.601	1.133	0.626
26	1	60	0.349	1.033	3.648
26	1	62	0.481	1.111	1.444
26	2	0	0.466	1.123	4.167
26	2	2	0.450	1.126	6.786
26	2	4	0.488	1.116	6.138
26	2	6	0.617	1.143	3.692
26	2	8	0.474	1.115	7.650
26	2	10	0.537	1.136	4.539
26	2	12	0.098	1.043	3.945
26	2	14	0.569	1.155	6.014
26	2	16	0.479	1.080	3.057
26	2	18	0.527	1.180	7.673
26	2	20	0.439	1.121	8.072
26	2	22	0.451	1.100	7.424
26	2	24	0.606	1.101	7.321
26	2	26	0.536	1.096	8.809
26	2	28	0.540	1.204	10.313
26	2	30	0.386	1.100	3.917
26	2	32	0.396	1.171	2.166
26	2	34	0.456	1.091	7.302
26	2	36	0.495	1.153	5.479
26	2	38	0.392	1.139	5.124
26	2	40	0.497	1.166	2.785
26	2	42	0.493	0.944	4.215
26	2	44	0.454	1.078	2.430
26	2	46	0.442	1.129	2.165
26	2	48	0.435	1.094	2.075
26	2	50	0.465	1.114	2.381
26	2	52	0.238	1.451	1.341
26	2	54	0.495	1.069	1.980
26	2	56	0.457	1.207	3.269
26	2	58	0.535	1.153	4.963
26	2	60	0.472	1.085	2.708
26	2	62	0.280	1.084	3.322
26	3	0	0.441	1.103	6.166
26	3	2	0.591	1.153	3.016
26	3	4	0.445	1.133	3.435
26	3	6	0.527	1.140	7.187
26	3	8	0.483	1.104	7.384
26	3	10	0.211	1.048	4.231
26	3	12	0.343	1.019	2.789
26	3	14	0.466	1.107	11.362
26	3	16	0.549	1.108	9.908
26	3	18	0.520	1.163	12.305
26	3	20	0.111	1.104	2.833
26	3	22	0.588	1.558	1.005
26	3	24	0.485	1.083	5.595
26	3	26	0.485	1.147	9.047
26	3	28	-0.092	2.911	142.247
26	3	30	0.636	1.166	11.148
26	3	32	0.686	1.162	11.924
26	3	34	0.582	1.130	8.071
26	3	36	0.565	1.110	8.471
26	3	38	0.353	1.105	13.862
26	3	40	0.299	1.099	11.123
26	3	42	0.634	1.097	15.537
26	3	44	0.473	1.123	11.046
26	3	46	0.512	1.149	6.794
26	3	48	0.228	1.068	4.411
26	3	50	0.675	1.094	7.016
26	3	52	0.564	1.098	13.384
26	3	54	0.512	1.181	15.130
26	3	56	0.637	1.143	12.746
26	3	58	0.556	1.203	9.008
26	3	60	0.117	1.012	2.957
26	3	62	0.450	1.166	5.435
27	0	0	0.390	1.114	3.840
27	0	2	0.520	1.121	4.894
27	0	4	0.456	1.221	9.327
27	0	6	0.489	1.117	1.179
27	0	8	0.560	1.177	10.492
27	0	10	0.234	1.078	2.325
27	0	12	0.597	1.100	4.944
27	0	14	0.578	1.197	9.413
27	0	16	0.564	1.138	7.238
27	0	18	0.659	1.234	6.940
27	0	20	0.573	1.140	5.117
27	0	22	0.506	1.216	4.562
27	0	24	0.440	1.212	6.099
27	0	26	0.609	1.076	2.596
27	0	28	0.535	1.183	2.070
27	0	30	0.480	1.209	3.088
27	0	32	0.533	1.306	1.251
27	0	34	0.505	1.212	1.618
27	0	36	0.657	1.212	0.868
27	0	38	0.574	1.129	1.643
27	0	40	0.432	1.112	4.197
27	0	42	0.631	1.156	2.246
27	0	44	0.086	2.723	69.539
27	0	46	0.076	0.996	3.907
27	0	48	0.441	1.166	0.419
27	0	50	0.107	1.128	4.778
27	0	52	0.587	1.191	1.334
27	0	54	0.439	1.101	1.797
27	0	56	0.357	1.086	2.489
27	0	58	0.435	1.153	2.059
27	0	60	0.419	1.289	10.616
27	0	62	0.457	1.157	2.619
27	1	0	0.621	1.171	9.680
27	1	2	0.526	1.198	6.969
27	1	4	0.425	1.161	7.741
27	1	6	0.444	1.203	7.938
27	1	8	0.491	1.243	4.865
27	1	10	0.321	1.193	7.449
27	1	12	0.397	1.266	4.807
27	1	14	0.595	1.219	4.502
27	1	16	0.106	1.087	1.446
27	1	18	0.396	1.186	2.677
27	1	20	0.550	1.243	5.566
27	1	22	0.136	1.184	2.073
27	1	24	0.542	1.245	3.692
27	1	26	0.257	1.267	2.036
27	1	28	0.412	1.144	5.419
27	1	30	0.511	1.332	5.052
27	1	32	0.562	1.210	3.770
27	1	34	0.044	1.078	2.611
27	1	36	0.506	1.168	6.278
27	1	38	0.581	1.187	6.431
27	1	40	0.643	1.214	7.823
27	1	42	0.550	1.253	11.451
27	1	44	0.459	1.134	7.620
27	1	46	0.416	1.230	10.712
27	1	48	0.505	1.260	6.763
27	1	50	0.751	1.205	5.389
27	1	52	0.512	1.209	11.402
27	1	54	0.440	1.280	8.368
27	1	56	0.590	1.239	10.331
27	1	58	0.637	1.255	6.979
27	1	60	0.159	1.121	1.889
27	1	62	0.513	1.230	6.546
27	2	0	0.491	1.049	1.978
27	2	2	0.419	1.036	2.774
27	2	4	0.637	1.093	3.498
27	2	6	0.496	1.107	1.454
27	2	8	0.469	1.045	1.267
27	2	10	0.541	1.133	1.395
27	2	12	0.104	1.045	1.567
27	2	14	0.593	1.082	1.084
27	2	16	0.110	1.038	1.469
27	2	18	0.549	1.046	1.495
27	2	20	0.661	1.032	1.232
27	2	22	0.518	1.145	2.001
27	2	24	0.506	1.046	3.485
27	2	26	0.443	1.054	4.420
27	2	28	0.471	1.048	2.716
27	2	30	0.527	1.110	3.609
27	2	32	0.390	1.059	4.562
27	2	34	0.517	1.077	3.727
27	2	36	0.457	1.101	5.048
27	2	38	0.574	1.084	5.571
27	2	40	0.514	1.156	6.939
27	2	42	0.551	0.962	3.890
27	2	44	0.427	1.041	6.076
27	2	46	0.422	1.061	3.877
27	2	48	0.477	1.060	4.800
27	2	50	0.573	1.157	1.827
27	2	52	0.282	1.564	1.311
27	2	54	0.631	1.241	1.421
27	2	56	0.449	1.059	1.836
27	2	58	0.584	1.084	3.462
27	2	60	0.483	1.041	2.159
27	2	62	0.225	1.085	2.489
27	3	0	0.511	1.173	1.453
27	3	2	0.474	1.251	0.311
27	3	4	0.592	1.208	0.405
27	3	6	0.497	1.215	1.351
27	3	8	0.608	1.193	1.180
27	3	10	0.246	1.198	1.763
27	3	12	0.300	1.206	2.062
27	3	14	0.548	1.173	1.292
27	3	16	0.546	1.175	1.844
27	3	18	0.526	1.133	1.419
27	3	20	0.100	1.254	3.558
27	3	22	0.658	2.406	13.617
27	3	24	0.455	1.204	0.764
27	3	26	0.645	1.185	1.635
27	3	28	0.457	1.521	15.850
27	3	30	0.403	1.170	1.160
27	3	32	0.484	1.155	1.838
27	3	34	0.645	1.130	2.386
27	3	36	0.555	1.208	2.427
27	3	38	0.438	1.241	2.661
27	3	40	0.468	1.133	1.802
27	3	42	0.522	1.205	1.295
27	3	44	0.472	1.200	1.236
27	3	46	0.550	1.172	0.757
27	3	48	0.316	1.215	1.923
27	3	50	0.487	1.138	3.397
27	3	52	0.527	1.144	1.697
27	3	54	0.556	1.221	2.482
27	3	56	0.615	1.174	1.351
27	3	58	0.491	1.139	0.924
27	3	60	0.106	1.063	3.926
27	3	62	0.466	1.194	0.868
28	0	0	0.451	1.055	2.836
28	0	2	0.384	1.096	2.493
28	0	4	0.622	1.076	1.352
28	0	6	0.498	1.140	0.724
28	0	8	0.476	1.081	3.836
28	0	10	0.120	1.063	1.671
28	0	12	0.466	1.073	0.935
28	0	14	0.504	1.091	1.830
28	0	16	0.457	1.083	2.124
28	0	18	0.530	1.124	5.087
28	0	20	0.474	1.102	3.050
28	0	22	0.535	1.100	3.732
28	0	24	0.475	1.109	5.509
28	0	26	0.497	1.106	6.928
28	0	28	0.741	1.159	5.939
28	0	30	0.595	1.088	5.786
28	0	32	0.366	1.176	2.046
28	0	34	0.394	1.091	2.195
28	0	36	0.567	1.134	1.124
28	0	38	0.412	1.058	1.879
28	0	40	0.578	1.183	2.717
28	0	42	0.445	1.109	2.309
28	0	44	0.063	1.878	96.576
28	0	46	0.220	1.017	2.837
28	0	48	0.626	1.221	0.967
28	0	50	0.295	1.080	1.430
28	0	52	0.548	1.153	1.769
28	0	54	0.462	1.102	3.579
28	0	56	0.311	1.012	2.004
28	0	58	0.556	1.118	3.281
28	0	60	0.615	1.204	1.285
28	0	62	0.605	1.068	0.885
28	1	0	0.373	1.113	1.455
28	1	2	0.578	1.107	0.986
28	1	4	0.438	1.100	0.601
28	1	6	0.527	1.162	1.836
28	1	8	0.485	1.095	1.653
28	1	10	0.477	1.090	0.891
28	1	12	0.472	1.142	2.000
28	1	14	0.536	1.077	0.595
28	1	16	0.298	1.068	5.140
28	1	18	0.499	1.158	1.472
28	1	20	0.546	1.096	0.336
28	1	22	0.291	1.140	2.557
28	1	24	0.435	1.078	2.485
28	1	26	0.328	1.081	2.215
28	1	28	0.486	1.090	1.890
28	1	30	0.508	1.150	1.399
28	1	32	0.431	1.157	2.142
28	1	34	0.245	1.107	3.976
28	1	36	0.621	1.167	3.987
28	1	38	0.578	1.070	1.207
28	1	40	0.441	1.086	1.660
28	1	42	0.562	1.150	2.255
28	1	44	0.514	1.078	2.994
28	1	46	0.534	1.070	1.679
28	1	48	0.427	1.115	1.813
28	1	50	0.585	1.118	1.088
28	1	52	0.477	1.126	1.548
28	1	54	0.608	1.087	2.606
28	1	56	0.531	1.070	2.182
28	1	58	0.596	1.044	0.794
28	1	60	0.149	1.033	4.904
28	1	62	0.421	1.097	0.875
28	2	0	0.551	1.214	6.104
28	2	2	0.625	1.130	6.611
28	2	4	0.671	1.209	3.869
28	2	6	0.504	1.126	3.936
28	2	8	0.554	1.147	5.574
28	2	10	0.419	1.099	4.981
28	2	12	0.310	1.103	6.030
28	2	14	0.550	1.180	6.764
28	2	16	0.189	1.140	2.989
28	2	18	0.648	1.203	7.336
28	2	20	0.647	1.151	8.062
28	2	22	0.512	1.197	8.944
28	2	24	0.584	1.128	6.157
28	2	26	0.489	1.224	8.090
28	2	28	0.449	1.245	9.490
28	2	30	0.490	1.152	2.511
28	2	32	0.616	1.114	3.173
28	2	34	0.694	1.183	6.714
28	2	36	0.499	1.103	5.615
28	2	38	0.588	1.174	5.821
28	2	40	0.534	1.219	4.069
28	2	42	0.395	0.947	4.320
28	2	44	0.507	1.110	1.263
28	2	46	0.431	1.124	3.345
28	2	48	0.421	1.165	4.617
28	2	50	0.474	1.104	2.034
28	2	52	0.283	1.504	2.055
28	2	54	0.549	0.997	0.631
28	2	56	0.479	1.127	4.070
28	2	58	0.508	1.183	3.796
28	2	60	0.461	1.206	3.438
28	2	62	0.223	1.169	2.836
28	3	0	0.525	1.057	6.015
28	3	2	0.609	1.098	2.557
28	3	4	0.595	1.082	4.446
28	3	6	0.689	1.099	6.143
28	3	8	0.653	1.092	4.244
28	3	10	0.351	1.007	5.142
28	3	12	0.231	1.035	3.052
28	3	14	0.469	1.053	6.917
28	3	16	0.439	1.057	8.947
28	3	18	0.528	1.062	10.740
28	3	20	0.261	1.015	2.600
28	3	22	0.367	1.302	6.795
28	3	24	0.602	1.149	2.660
28	3	26	0.483	1.143	8.496
28	3	28	0.391	1.407	39.977
28	3	30	0.553	1.079	9.108
28	3	32	0.662	1.099	10.572
28	3	34	0.671	1.067	7.168
28	3	36	0.631	1.076	7.117
28	3	38	0.517	1.101	10.545
28	3	40	0.676	1.161	6.628
28	3	42	0.592	1.109	11.692
28	3	44	0.465	1.137	7.514
28	3	46	0.578	1.047	4.166
28	3	48	0.340	1.036	3.625
28	3	50	0.675	1.087	3.824
28	3	52	0.599	1.067	12.766
28	3	54	0.580	1.159	13.537
28	3	56	0.529	1.113	9.657
28	3	58	0.584	1.089	7.090
28	3	60	0.115	1.010	4.099
28	3	62	0.613	1.044	2.947
